2 0.58125 0.5380859375 0.025 0.123046875
2 0.4984375 0.5390625 0.025 0.109375
2 0.4125 0.501953125 0.0125 0.06640625
2 0.90234375 0.5517578125 0.0953125 0.177734375
2 0.7953125 0.509765625 0.078125 0.15625
2 0.8265625 0.5205078125 0.071875 0.138671875
1 0.8859375 0.4248046875 0.040625 0.060546875
1 0.8640625 0.419921875 0.0375 0.0625
1 0.82578125 0.4208984375 0.0421875 0.072265625
1 0.4578125 0.4736328125 0.03125 0.087890625
0 0.090625 0.517578125 0.18125 0.14453125
0 0.1890625 0.494140625 0.1 0.10546875
0 0.24375 0.4814453125 0.059375 0.080078125
0 0.3859375 0.466796875 0.040625 0.03515625
2 0.9765625 0.5595703125 0.0375 0.212890625
2 0.67421875 0.4951171875 0.0234375 0.068359375
2 0.6453125 0.494140625 0.034375 0.07421875
1 0.55390625 0.4560546875 0.0203125 0.041015625
1 0.5828125 0.42578125 0.046875 0.125
1 0.49765625 0.4423828125 0.0453125 0.095703125
1 0.41328125 0.4462890625 0.0265625 0.056640625
