0 0.24765625 0.4921875 0.1265625 0.12109375
0 0.32109375 0.474609375 0.0421875 0.06640625
0 0.35546875 0.4814453125 0.0453125 0.052734375
0 0.41953125 0.4833984375 0.0359375 0.037109375
1 0.815625 0.509765625 0.071875 0.19140625
1 0.74921875 0.5 0.0609375 0.20703125
1 0.6859375 0.5 0.0625 0.203125
1 0.6265625 0.478515625 0.040625 0.09765625
1 0.584375 0.4765625 0.03125 0.08984375
1 0.54453125 0.4775390625 0.0265625 0.099609375
1 0.45859375 0.4833984375 0.0203125 0.044921875
1 0.525 0.4794921875 0.03125 0.103515625
1 0.659375 0.484375 0.025 0.08984375
1 0.77734375 0.4453125 0.0296875 0.05859375
1 0.47890625 0.484375 0.0203125 0.046875
1 0.49375 0.4833984375 0.01875 0.044921875
