0 0.74140625 0.46875 0.0265625 0.0234375
0 0.7109375 0.466796875 0.025 0.02734375
0 0.6671875 0.4697265625 0.04375 0.025390625
0 0.59609375 0.4677734375 0.0578125 0.025390625
0 0.55546875 0.47265625 0.0234375 0.0234375
0 0.4046875 0.4638671875 0.034375 0.029296875
0 0.29453125 0.501953125 0.1390625 0.1171875
0 0.21171875 0.45703125 0.0328125 0.03125
0 0.175 0.453125 0.0375 0.02734375
0 0.121875 0.447265625 0.03125 0.0234375
0 0.06953125 0.447265625 0.0421875 0.0234375
0 0.06171875 0.4921875 0.1046875 0.06640625
0 0.98125 0.4697265625 0.034375 0.029296875
