1 0.7546875 0.4697265625 0.028125 0.044921875
1 0.603125 0.5234375 0.0375 0.13671875
1 0.4140625 0.466796875 0.01875 0.06640625
1 0.40078125 0.4658203125 0.0203125 0.072265625
0 0.08671875 0.482421875 0.1578125 0.07421875
0 0.03671875 0.6474609375 0.0734375 0.216796875
0 0.10390625 0.58203125 0.1828125 0.16015625
0 0.1953125 0.5390625 0.1125 0.12109375
0 0.253125 0.5146484375 0.090625 0.091796875
0 0.325 0.4951171875 0.125 0.068359375
0 0.6859375 0.52734375 0.1375 0.1484375
0 0.56875 0.4775390625 0.04375 0.056640625
0 0.54921875 0.4658203125 0.0421875 0.044921875
0 0.853125 0.62890625 0.28125 0.21875
0 0.9203125 0.771484375 0.15625 0.3125
0 0.9109375 0.4638671875 0.121875 0.064453125
0 0.84765625 0.466796875 0.0453125 0.0546875
0 0.5171875 0.4443359375 0.025 0.033203125
0 0.3578125 0.4599609375 0.05625 0.052734375
0 0.58515625 0.494140625 0.0296875 0.0703125
1 0.428125 0.462890625 0.01875 0.0625
