0 0.53359375 0.5078125 0.0984375 0.11328125
0 0.42421875 0.4990234375 0.0359375 0.037109375
0 0.4 0.5009765625 0.021875 0.029296875
0 0.1765625 0.498046875 0.134375 0.11328125
1 0.10546875 0.50390625 0.0109375 0.06640625
1 0.0953125 0.4912109375 0.009375 0.037109375
1 0.08828125 0.5078125 0.0109375 0.05859375
1 0.078125 0.5 0.0125 0.0703125
1 0.06484375 0.50390625 0.0109375 0.0625
1 0.053125 0.501953125 0.0125 0.06640625
1 0.0375 0.50390625 0.021875 0.07421875
1 0.009375 0.5048828125 0.015625 0.072265625
