1 0.39296875 0.4794921875 0.0234375 0.083984375
1 0.41640625 0.470703125 0.0265625 0.08984375
1 0.6296875 0.4609375 0.028125 0.09375
0 0.83046875 0.474609375 0.0234375 0.0546875
0 0.80625 0.4638671875 0.05625 0.072265625
0 0.925 0.443359375 0.146875 0.1484375
0 0.95 0.4892578125 0.09375 0.123046875
1 0.16875 0.48046875 0.021875 0.04296875
1 0.12578125 0.4873046875 0.0203125 0.037109375
1 0.4765625 0.4580078125 0.01875 0.041015625
1 0.61484375 0.46484375 0.0203125 0.06640625
1 0.60078125 0.4619140625 0.0265625 0.068359375
1 0.67578125 0.42578125 0.0203125 0.02734375
0 0.6515625 0.447265625 0.01875 0.0234375
0 0.7296875 0.458984375 0.034375 0.0625
