1 0.77421875 0.4736328125 0.0421875 0.185546875
1 0.6453125 0.4619140625 0.021875 0.107421875
1 0.62734375 0.4638671875 0.0296875 0.115234375
1 0.41796875 0.478515625 0.0265625 0.08203125
1 0.46484375 0.462890625 0.0234375 0.05859375
0 0.8171875 0.447265625 0.05 0.09765625
0 0.884375 0.416015625 0.065625 0.046875
0 0.921875 0.443359375 0.14375 0.12890625
0 0.9453125 0.4892578125 0.0875 0.095703125
1 0.16953125 0.48046875 0.0203125 0.04296875
1 0.12734375 0.48828125 0.0203125 0.03515625
1 0.5796875 0.455078125 0.01875 0.0546875
1 0.0640625 0.4697265625 0.021875 0.029296875
0 0.728125 0.4560546875 0.040625 0.052734375
