0 0.15234375 0.4814453125 0.1703125 0.087890625
2 0.10859375 0.5078125 0.0546875 0.0625
0 0.3375 0.4794921875 0.0875 0.064453125
0 0.5703125 0.4599609375 0.040625 0.041015625
0 0.61875 0.5009765625 0.034375 0.076171875
0 0.6796875 0.5048828125 0.10625 0.138671875
0 0.9234375 0.505859375 0.15 0.078125
0 0.85234375 0.59765625 0.2703125 0.22265625
0 0.92578125 0.71484375 0.1453125 0.34375
1 0.4796875 0.4560546875 0.015625 0.037109375
1 0.54765625 0.4599609375 0.0109375 0.041015625
1 0.53671875 0.458984375 0.0140625 0.03515625
0 0.453125 0.4609375 0.021875 0.03125
0 0.43203125 0.4619140625 0.0328125 0.037109375
0 0.39921875 0.455078125 0.0234375 0.03125
0 0.38125 0.478515625 0.034375 0.05859375
