1 0.57109375 0.646484375 0.1859375 0.6328125
1 0.40234375 0.6142578125 0.1671875 0.369140625
1 0.4515625 0.5400390625 0.15625 0.384765625
1 0.08828125 0.5771484375 0.1671875 0.537109375
1 0.1265625 0.572265625 0.165625 0.453125
0 0.8453125 0.541015625 0.246875 0.109375
0 0.7125 0.50390625 0.090625 0.078125
0 0.66640625 0.49609375 0.0546875 0.0703125
0 0.21328125 0.494140625 0.0671875 0.12109375
1 0.26953125 0.4697265625 0.0234375 0.072265625
1 0.31328125 0.4580078125 0.0234375 0.041015625
1 0.24375 0.462890625 0.01875 0.07421875
0 0.38359375 0.46484375 0.0390625 0.05078125
0 0.02890625 0.412109375 0.0578125 0.125
