0 0.90546875 0.4931640625 0.1859375 0.255859375
0 0.85 0.4765625 0.228125 0.1953125
1 0.72109375 0.486328125 0.0234375 0.0859375
0 0.5984375 0.501953125 0.240625 0.31640625
0 0.44375 0.482421875 0.075 0.09375
1 0.38203125 0.494140625 0.1296875 0.26953125
2 0.34140625 0.6396484375 0.1171875 0.193359375
0 0.2796875 0.4658203125 0.140625 0.193359375
0 0.2421875 0.49609375 0.075 0.1953125
0 0.121875 0.484375 0.24375 0.28125
0 0.08515625 0.533203125 0.1703125 0.30078125
2 0.42421875 0.6240234375 0.0359375 0.142578125
