2 0.6078125 0.654296875 0.034375 0.125
1 0.74375 0.4990234375 0.021875 0.068359375
1 0.47421875 0.4912109375 0.0296875 0.103515625
1 0.44375 0.4951171875 0.03125 0.103515625
1 0.4203125 0.4912109375 0.025 0.103515625
1 0.6140625 0.580078125 0.059375 0.21484375
0 0.853125 0.5400390625 0.175 0.056640625
0 0.86953125 0.7001953125 0.2578125 0.294921875
0 0.3546875 0.5146484375 0.109375 0.099609375
0 0.1671875 0.638671875 0.234375 0.234375
0 0.06640625 0.6943359375 0.1328125 0.341796875
1 0.52890625 0.4609375 0.0203125 0.046875
0 0.9640625 0.51953125 0.065625 0.10546875
