0 0.93828125 0.564453125 0.1109375 0.2578125
0 0.6375 0.470703125 0.35 0.23828125
0 0.4578125 0.4912109375 0.053125 0.123046875
0 0.42734375 0.484375 0.0515625 0.11328125
0 0.384375 0.4921875 0.053125 0.07421875
0 0.2828125 0.47265625 0.08125 0.07421875
0 0.04609375 0.4765625 0.0515625 0.078125
0 0.01796875 0.4814453125 0.0359375 0.095703125
1 0.346875 0.4873046875 0.040625 0.138671875
1 0.140625 0.4697265625 0.03125 0.115234375
1 0.2421875 0.470703125 0.021875 0.08984375
0 0.303125 0.4755859375 0.053125 0.068359375
