0 0.85625 0.6083984375 0.225 0.185546875
0 0.76328125 0.5556640625 0.1234375 0.107421875
0 0.696875 0.513671875 0.103125 0.10546875
0 0.50703125 0.458984375 0.0234375 0.03125
0 0.56328125 0.4638671875 0.0296875 0.029296875
0 0.6359375 0.498046875 0.04375 0.0625
0 0.61875 0.4931640625 0.034375 0.056640625
0 0.60703125 0.482421875 0.0265625 0.046875
0 0.60078125 0.4765625 0.0453125 0.05859375
0 0.52890625 0.4560546875 0.0265625 0.025390625
1 0.3484375 0.458984375 0.0125 0.04296875
1 0.415625 0.455078125 0.0125 0.03515625
1 0.36015625 0.4619140625 0.0109375 0.041015625
1 0.36875 0.4609375 0.0125 0.04296875
