0 0.4171875 0.466796875 0.03125 0.0390625
0 0.253125 0.478515625 0.065625 0.078125
0 0.1875 0.48828125 0.096875 0.09375
1 0.90234375 0.466796875 0.0421875 0.1484375
1 0.871875 0.4765625 0.0375 0.13671875
1 0.8171875 0.490234375 0.034375 0.15234375
1 0.77578125 0.4755859375 0.0328125 0.130859375
1 0.74296875 0.4765625 0.0296875 0.1171875
1 0.71953125 0.4892578125 0.0453125 0.130859375
1 0.678125 0.48828125 0.0375 0.12890625
0 0.28984375 0.4736328125 0.0234375 0.052734375
0 0.3640625 0.470703125 0.028125 0.02734375
0 0.3796875 0.46875 0.025 0.02734375
