2 0.59296875 0.5302734375 0.0328125 0.103515625
2 0.50859375 0.53125 0.0234375 0.1015625
2 0.4453125 0.5 0.015625 0.0625
1 0.4859375 0.4697265625 0.021875 0.080078125
1 0.84765625 0.43359375 0.0296875 0.0546875
2 0.86171875 0.5185546875 0.0453125 0.123046875
2 0.74296875 0.5185546875 0.0484375 0.099609375
0 0.2125 0.5 0.125 0.09765625
0 0.27578125 0.4853515625 0.0578125 0.076171875
0 0.3015625 0.4765625 0.040625 0.05859375
2 0.7046875 0.5068359375 0.034375 0.091796875
0 0.4671875 0.4638671875 0.01875 0.029296875
2 0.80625 0.5068359375 0.0625 0.146484375
2 0.67421875 0.4873046875 0.0234375 0.076171875
1 0.59921875 0.427734375 0.0421875 0.1015625
1 0.51015625 0.4482421875 0.0265625 0.072265625
1 0.4421875 0.4443359375 0.025 0.052734375
0 0.39140625 0.462890625 0.0203125 0.01953125
2 0.13046875 0.501953125 0.0328125 0.05078125
