1 0.7234375 0.5107421875 0.059375 0.150390625
1 0.5921875 0.498046875 0.01875 0.0234375
2 0.59296875 0.515625 0.0171875 0.01953125
0 0.54375 0.53125 0.096875 0.0859375
0 0.4671875 0.505859375 0.0375 0.04296875
0 0.44453125 0.5048828125 0.0203125 0.025390625
0 0.41953125 0.4990234375 0.0296875 0.025390625
0 0.40078125 0.5029296875 0.0203125 0.025390625
0 0.38515625 0.49609375 0.0203125 0.0234375
0 0.3484375 0.5078125 0.053125 0.06640625
0 0.35234375 0.5185546875 0.0203125 0.037109375
0 0.33125 0.5263671875 0.034375 0.052734375
0 0.290625 0.52734375 0.06875 0.078125
0 0.171875 0.5107421875 0.05 0.060546875
0 0.225 0.5498046875 0.115625 0.115234375
0 0.08125 0.58203125 0.1625 0.33984375
