0 0.8234375 0.4853515625 0.184375 0.119140625
0 0.68125 0.5595703125 0.159375 0.138671875
0 0.78515625 0.63671875 0.2734375 0.2265625
0 0.88125 0.8095703125 0.234375 0.376953125
0 0.334375 0.478515625 0.021875 0.04296875
0 0.33046875 0.4619140625 0.0328125 0.037109375
0 0.1140625 0.50390625 0.103125 0.078125
0 0.040625 0.5078125 0.075 0.1171875
0 0.034375 0.6044921875 0.065625 0.150390625
1 0.6265625 0.4521484375 0.01875 0.052734375
1 0.59765625 0.455078125 0.0203125 0.0546875
1 0.240625 0.466796875 0.01875 0.05859375
0 0.2921875 0.458984375 0.034375 0.046875
0 0.39453125 0.4560546875 0.0234375 0.025390625
0 0.43359375 0.46484375 0.0296875 0.03125
2 0.3515625 0.517578125 0.021875 0.0546875
