0 0.7578125 0.484375 0.15 0.109375
0 0.8140625 0.681640625 0.353125 0.29296875
0 0.671875 0.5625 0.153125 0.1328125
0 0.6296875 0.529296875 0.109375 0.10546875
0 0.3375 0.4697265625 0.04375 0.041015625
0 0.3171875 0.4619140625 0.028125 0.037109375
0 0.15859375 0.4931640625 0.0859375 0.076171875
0 0.103125 0.486328125 0.096875 0.078125
0 0.08046875 0.5693359375 0.1515625 0.138671875
0 0.015625 0.6171875 0.03125 0.109375
2 0.8484375 0.515625 0.034375 0.0546875
2 0.8984375 0.52734375 0.03125 0.0546875
2 0.36796875 0.501953125 0.0203125 0.03515625
1 0.3640625 0.47265625 0.021875 0.0546875
1 0.2515625 0.4658203125 0.01875 0.044921875
1 0.23984375 0.46484375 0.0203125 0.046875
1 0.56953125 0.4580078125 0.0203125 0.056640625
1 0.534375 0.4443359375 0.01875 0.029296875
