2 0.04765625 0.552734375 0.0859375 0.12890625
2 0.19609375 0.525390625 0.0609375 0.08203125
1 0.24296875 0.478515625 0.0296875 0.109375
1 0.38046875 0.4609375 0.0203125 0.05859375
0 0.72265625 0.5166015625 0.0703125 0.103515625
0 0.8046875 0.5537109375 0.196875 0.177734375
1 0.4796875 0.4599609375 0.01875 0.044921875
1 0.4671875 0.4609375 0.015625 0.04296875
0 0.70078125 0.4931640625 0.0859375 0.091796875
1 0.428125 0.462890625 0.01875 0.046875
0 0.653125 0.474609375 0.046875 0.05078125
1 0.21875 0.44140625 0.01875 0.046875
1 0.40078125 0.466796875 0.0203125 0.0546875
