1 0.26640625 0.5380859375 0.0421875 0.130859375
2 0.26328125 0.578125 0.0265625 0.078125
0 0.37734375 0.48046875 0.0515625 0.046875
0 0.425 0.4638671875 0.04375 0.037109375
0 0.50546875 0.4453125 0.0265625 0.02734375
0 0.621875 0.4990234375 0.0375 0.064453125
0 0.64296875 0.5146484375 0.0546875 0.095703125
0 0.6640625 0.5302734375 0.0625 0.115234375
0 0.75234375 0.5576171875 0.1671875 0.185546875
0 0.0171875 0.5263671875 0.034375 0.107421875
0 0.1125 0.498046875 0.046875 0.08984375
0 0.29140625 0.478515625 0.0671875 0.05859375
0 0.30390625 0.46484375 0.0734375 0.05078125
0 0.459375 0.447265625 0.028125 0.02734375
0 0.60625 0.490234375 0.034375 0.06640625
0 0.57890625 0.470703125 0.0296875 0.04296875
0 0.565625 0.455078125 0.03125 0.04296875
0 0.234375 0.466796875 0.053125 0.0625
