2 0.35859375 0.4970703125 0.0265625 0.060546875
1 0.35703125 0.4814453125 0.0359375 0.091796875
1 0.7125 0.458984375 0.034375 0.0546875
1 0.7609375 0.48046875 0.03125 0.1015625
1 0.7890625 0.4677734375 0.025 0.103515625
1 0.98203125 0.533203125 0.0328125 0.1484375
1 0.2765625 0.4580078125 0.01875 0.068359375
1 0.2609375 0.4462890625 0.01875 0.056640625
0 0.56875 0.462890625 0.028125 0.03125
1 0.49140625 0.4521484375 0.0140625 0.029296875
1 0.5078125 0.4541015625 0.0125 0.025390625
2 0.1359375 0.48046875 0.025 0.03515625
1 0.3375 0.453125 0.01875 0.046875
1 0.325 0.4609375 0.01875 0.05859375
0 0.45546875 0.4619140625 0.0203125 0.029296875
