1 0.95 0.4443359375 0.065625 0.091796875
1 0.73515625 0.4951171875 0.0421875 0.115234375
1 0.68671875 0.4853515625 0.0453125 0.119140625
1 0.625 0.4892578125 0.034375 0.119140625
1 0.59375 0.484375 0.040625 0.1171875
1 0.55625 0.486328125 0.028125 0.10546875
0 0.33203125 0.4853515625 0.0734375 0.076171875
0 0.10390625 0.5400390625 0.2046875 0.275390625
0 0.421875 0.48828125 0.046875 0.04296875
2 0.78203125 0.5224609375 0.0359375 0.076171875
1 0.52890625 0.48828125 0.0265625 0.0625
1 0.503125 0.4892578125 0.025 0.056640625
1 0.48046875 0.48828125 0.0234375 0.046875
1 0.46796875 0.48828125 0.0203125 0.05078125
0 0.38984375 0.48828125 0.0296875 0.02734375
