1 0.43515625 0.40234375 0.0453125 0.16015625
0 0.7828125 0.43359375 0.303125 0.25390625
0 0.62109375 0.45703125 0.0421875 0.09375
0 0.57265625 0.41796875 0.0921875 0.09765625
0 0.05 0.447265625 0.1 0.1171875
0 0.12890625 0.427734375 0.1109375 0.11328125
0 0.1984375 0.4248046875 0.04375 0.087890625
0 0.2859375 0.421875 0.046875 0.04296875
0 0.31171875 0.4169921875 0.0296875 0.041015625
0 0.3453125 0.4140625 0.015625 0.03125
0 0.5234375 0.42578125 0.021875 0.0546875
0 0.509375 0.421875 0.021875 0.046875
0 0.49140625 0.4208984375 0.0203125 0.037109375
0 0.478125 0.416015625 0.01875 0.03515625
0 0.4625 0.4130859375 0.0125 0.025390625
0 0.39296875 0.4111328125 0.0203125 0.025390625
0 0.37734375 0.4130859375 0.0203125 0.029296875
0 0.3578125 0.4140625 0.015625 0.02734375
0 0.334375 0.4189453125 0.01875 0.037109375
