1 0.565625 0.4560546875 0.01875 0.052734375
1 0.5515625 0.462890625 0.01875 0.05859375
1 0.69921875 0.521484375 0.0484375 0.12890625
1 0.83125 0.5966796875 0.078125 0.193359375
2 0.8265625 0.6826171875 0.0625 0.138671875
1 0.8515625 0.470703125 0.028125 0.0546875
1 0.81875 0.4765625 0.034375 0.046875
1 0.16484375 0.47265625 0.0265625 0.0703125
1 0.14609375 0.47265625 0.0234375 0.0703125
0 0.92734375 0.6064453125 0.1421875 0.181640625
0 0.46328125 0.46484375 0.0515625 0.0390625
0 0.42890625 0.4560546875 0.0546875 0.037109375
0 0.621875 0.48828125 0.0875 0.0625
0 0.9421875 0.486328125 0.109375 0.0625
0 0.8 0.5556640625 0.1375 0.115234375
0 0.746875 0.5224609375 0.1 0.123046875
0 0.32421875 0.4462890625 0.0359375 0.037109375
1 0.371875 0.453125 0.0125 0.03515625
1 0.3609375 0.453125 0.015625 0.03515625
0 0.50703125 0.470703125 0.0609375 0.0546875
2 0.703125 0.56640625 0.025 0.0859375
2 0.08671875 0.55859375 0.0359375 0.0546875
