0 0.22109375 0.478515625 0.1359375 0.07421875
0 0.3609375 0.48046875 0.071875 0.0546875
0 0.43046875 0.4609375 0.0328125 0.0390625
0 0.55703125 0.462890625 0.0328125 0.03515625
0 0.63046875 0.4892578125 0.0796875 0.091796875
0 0.69296875 0.5322265625 0.1046875 0.123046875
0 0.8015625 0.5771484375 0.2375 0.216796875
2 0.2 0.498046875 0.046875 0.05078125
1 0.47421875 0.455078125 0.0140625 0.03125
1 0.53359375 0.458984375 0.0109375 0.03515625
1 0.52421875 0.458984375 0.0140625 0.03515625
0 0.45 0.458984375 0.021875 0.03125
0 0.58984375 0.47265625 0.0421875 0.0625
