1 0.1828125 0.5498046875 0.059375 0.162109375
2 0.18359375 0.6328125 0.0515625 0.109375
1 0.4953125 0.46875 0.025 0.05859375
1 0.425 0.46484375 0.021875 0.05078125
0 0.08671875 0.595703125 0.1734375 0.17578125
0 0.1921875 0.5302734375 0.125 0.103515625
0 0.25859375 0.5185546875 0.0828125 0.076171875
0 0.29921875 0.5009765625 0.0703125 0.068359375
0 0.34921875 0.4951171875 0.0609375 0.060546875
0 0.37734375 0.4775390625 0.0546875 0.056640625
0 0.846875 0.7158203125 0.303125 0.333984375
0 0.74140625 0.5869140625 0.1796875 0.189453125
0 0.684375 0.53515625 0.1375 0.17578125
0 0.5125 0.4580078125 0.0375 0.052734375
0 0.415625 0.4541015625 0.034375 0.041015625
0 0.446875 0.451171875 0.025 0.02734375
0 0.615625 0.51171875 0.04375 0.09765625
0 0.60390625 0.494140625 0.0484375 0.07421875
0 0.58359375 0.4677734375 0.0578125 0.076171875
0 0.80078125 0.4501953125 0.0984375 0.044921875
0 0.7234375 0.439453125 0.034375 0.0234375
