0 0.61640625 0.4658203125 0.0828125 0.083984375
0 0.56484375 0.4501953125 0.0359375 0.072265625
0 0.5421875 0.453125 0.021875 0.0546875
0 0.528125 0.4482421875 0.021875 0.041015625
0 0.5109375 0.4453125 0.01875 0.03125
0 0.4953125 0.4423828125 0.01875 0.017578125
0 0.4625 0.455078125 0.025 0.046875
1 0.4359375 0.4775390625 0.03125 0.150390625
2 0.4765625 0.5126953125 0.040625 0.064453125
2 0.3984375 0.51171875 0.046875 0.0625
0 0.34453125 0.4609375 0.0515625 0.07421875
0 0.278125 0.4716796875 0.1 0.091796875
0 0.4125 0.4345703125 0.025 0.056640625
