0 0.140625 0.560546875 0.2375 0.1640625
1 0.1828125 0.4609375 0.03125 0.0390625
1 0.21328125 0.46484375 0.0421875 0.0390625
0 0.8984375 0.5400390625 0.16875 0.056640625
0 0.52265625 0.54296875 0.0859375 0.08984375
0 0.3078125 0.5 0.05 0.04296875
0 0.48359375 0.5185546875 0.0578125 0.052734375
0 0.87890625 0.509765625 0.1296875 0.05859375
0 0.25078125 0.5009765625 0.0546875 0.056640625
0 0.28046875 0.5 0.0265625 0.05078125
0 0.340625 0.49609375 0.028125 0.03515625
0 0.4078125 0.5048828125 0.028125 0.029296875
1 0.434375 0.50390625 0.0125 0.03515625
1 0.38203125 0.4951171875 0.0140625 0.037109375
1 0.375 0.494140625 0.01875 0.0390625
0 0.753125 0.56640625 0.128125 0.1171875
