0 0.246875 0.546875 0.1375 0.12109375
0 0.33125 0.5048828125 0.08125 0.076171875
0 0.37265625 0.48828125 0.0359375 0.0625
0 0.3953125 0.4765625 0.05 0.06640625
0 0.60390625 0.4833984375 0.0609375 0.087890625
0 0.65703125 0.5048828125 0.0703125 0.083984375
0 0.7609375 0.5458984375 0.20625 0.208984375
0 0.95234375 0.7470703125 0.0859375 0.275390625
1 0.48359375 0.46875 0.0203125 0.07421875
1 0.53359375 0.4765625 0.0265625 0.0703125
1 0.5796875 0.4921875 0.03125 0.0703125
0 0.46640625 0.4501953125 0.0265625 0.029296875
0 0.42265625 0.46875 0.0203125 0.046875
0 0.43359375 0.46484375 0.0234375 0.04296875
0 0.446875 0.458984375 0.01875 0.04296875
0 0.04765625 0.505859375 0.0953125 0.09765625
