1 0.0359375 0.5029296875 0.034375 0.107421875
1 0.76171875 0.501953125 0.0265625 0.1171875
1 0.8703125 0.49609375 0.03125 0.12109375
1 0.85390625 0.5048828125 0.0234375 0.103515625
1 0.81171875 0.501953125 0.0265625 0.125
1 0.79609375 0.4990234375 0.0265625 0.119140625
0 0.51484375 0.4892578125 0.0453125 0.044921875
0 0.440625 0.4814453125 0.08125 0.091796875
0 0.3671875 0.4765625 0.034375 0.03125
0 0.3265625 0.4853515625 0.05 0.037109375
0 0.27265625 0.4873046875 0.0578125 0.044921875
1 0.5640625 0.478515625 0.01875 0.04296875
