1 0.68203125 0.4619140625 0.0578125 0.099609375
1 0.60390625 0.48046875 0.0265625 0.125
1 0.57578125 0.50390625 0.0203125 0.08203125
1 0.5546875 0.482421875 0.021875 0.09765625
1 0.53125 0.48046875 0.021875 0.0859375
0 0.5046875 0.4677734375 0.025 0.044921875
0 0.4625 0.4755859375 0.025 0.033203125
0 0.43125 0.474609375 0.034375 0.0390625
0 0.390625 0.486328125 0.06875 0.0859375
0 0.35 0.4677734375 0.021875 0.029296875
0 0.32421875 0.4814453125 0.0578125 0.064453125
0 0.246875 0.4755859375 0.09375 0.099609375
0 0.1328125 0.466796875 0.0375 0.03515625
0 0.0828125 0.4677734375 0.03125 0.044921875
0 0.0328125 0.47265625 0.0375 0.0546875
