0 0.11640625 0.5126953125 0.1453125 0.130859375
0 0.28046875 0.4912109375 0.0796875 0.087890625
2 0.846875 0.576171875 0.040625 0.12890625
2 0.81484375 0.58984375 0.0265625 0.08203125
2 0.69296875 0.548828125 0.0359375 0.07421875
2 0.6296875 0.5361328125 0.028125 0.037109375
1 0.82578125 0.5048828125 0.0765625 0.201171875
1 0.696875 0.5029296875 0.0375 0.123046875
1 0.6296875 0.498046875 0.03125 0.078125
1 0.5828125 0.486328125 0.034375 0.08203125
1 0.55234375 0.4931640625 0.0234375 0.052734375
2 0.553125 0.517578125 0.01875 0.03515625
0 0.43359375 0.4951171875 0.0203125 0.021484375
1 0.53125 0.4892578125 0.01875 0.044921875
1 0.521875 0.4970703125 0.01875 0.044921875
2 0.52109375 0.5166015625 0.0234375 0.025390625
2 0.58359375 0.5234375 0.0203125 0.0546875
