0 0.05625 0.6015625 0.1125 0.1953125
0 0.278125 0.4775390625 0.053125 0.056640625
0 0.45234375 0.462890625 0.0453125 0.046875
1 0.64296875 0.5029296875 0.0296875 0.087890625
0 0.59140625 0.4658203125 0.0421875 0.056640625
0 0.59453125 0.4794921875 0.0359375 0.064453125
0 0.740625 0.5078125 0.14375 0.09375
0 0.83984375 0.498046875 0.0859375 0.0703125
0 0.85546875 0.5546875 0.0515625 0.1015625
0 0.9515625 0.5654296875 0.090625 0.146484375
1 0.80703125 0.64453125 0.0828125 0.29296875
2 0.81484375 0.740234375 0.0484375 0.171875
1 0.215625 0.484375 0.025 0.0625
0 0.321875 0.4580078125 0.01875 0.029296875
0 0.33203125 0.4541015625 0.0203125 0.025390625
1 0.48359375 0.45703125 0.0171875 0.04296875
