0 0.83828125 0.52734375 0.2265625 0.2265625
0 0.5546875 0.4599609375 0.315625 0.208984375
0 0.39140625 0.486328125 0.0359375 0.08203125
0 0.3859375 0.4736328125 0.06875 0.099609375
0 0.34296875 0.484375 0.0484375 0.078125
0 0.228125 0.4658203125 0.046875 0.068359375
0 0.0234375 0.47265625 0.046875 0.078125
1 0.3140625 0.4814453125 0.034375 0.138671875
1 0.20078125 0.462890625 0.0203125 0.08203125
1 0.12265625 0.46484375 0.0359375 0.10546875
0 0.96171875 0.54296875 0.0671875 0.3671875
0 0.171875 0.4658203125 0.03125 0.064453125
0 0.2890625 0.4716796875 0.04375 0.083984375
0 0.25625 0.462890625 0.05 0.0625
