0 0.03515625 0.634765625 0.0703125 0.1875
0 0.078125 0.58984375 0.153125 0.1640625
0 0.2328125 0.5341796875 0.1375 0.099609375
0 0.28671875 0.50390625 0.0703125 0.06640625
0 0.31875 0.4921875 0.0625 0.07421875
0 0.4734375 0.447265625 0.03125 0.0390625
0 0.61875 0.4990234375 0.078125 0.091796875
0 0.83046875 0.490234375 0.0921875 0.109375
0 0.92265625 0.5390625 0.1515625 0.14453125
1 0.56953125 0.4853515625 0.0296875 0.099609375
1 0.546875 0.5 0.034375 0.12109375
2 0.55078125 0.5380859375 0.0234375 0.064453125
0 0.3859375 0.4677734375 0.034375 0.041015625
0 0.41484375 0.4580078125 0.0296875 0.033203125
