0 0.0859375 0.578125 0.16875 0.16015625
0 0.18359375 0.5595703125 0.1109375 0.123046875
0 0.290625 0.5380859375 0.10625 0.083984375
0 0.35390625 0.533203125 0.0453125 0.0703125
0 0.41015625 0.5244140625 0.0515625 0.052734375
0 0.4609375 0.5205078125 0.0375 0.041015625
0 0.65078125 0.5517578125 0.1046875 0.099609375
0 0.73515625 0.599609375 0.1953125 0.17578125
1 0.5375 0.51953125 0.015625 0.0390625
0 0.55078125 0.521484375 0.0234375 0.02734375
1 0.52421875 0.517578125 0.0203125 0.0390625
1 0.509375 0.515625 0.01875 0.0390625
1 0.5734375 0.5205078125 0.01875 0.037109375
0 0.6171875 0.52734375 0.059375 0.078125
0 0.23828125 0.51953125 0.0671875 0.05859375
0 0.4828125 0.521484375 0.025 0.03125
