2 0.9140625 0.568359375 0.09375 0.14453125
2 0.80859375 0.5791015625 0.0859375 0.126953125
2 0.45703125 0.580078125 0.0890625 0.1484375
2 0.3515625 0.5849609375 0.084375 0.134765625
2 0.1484375 0.5693359375 0.034375 0.095703125
2 0.21640625 0.53125 0.0328125 0.05078125
1 0.8625 0.50390625 0.096875 0.21875
1 0.41484375 0.5185546875 0.0859375 0.236328125
1 0.15078125 0.509765625 0.0484375 0.16015625
1 0.259375 0.47265625 0.01875 0.0859375
1 0.32421875 0.470703125 0.0296875 0.06640625
0 0.55078125 0.4794921875 0.0765625 0.083984375
0 0.18984375 0.4755859375 0.0515625 0.087890625
0 0.0421875 0.5029296875 0.08125 0.126953125
2 0.2609375 0.5166015625 0.025 0.041015625
1 0.28125 0.4755859375 0.01875 0.060546875
0 0.50703125 0.4814453125 0.0203125 0.044921875
0 0.50078125 0.474609375 0.0359375 0.04296875
