0 0.80546875 0.568359375 0.2921875 0.26953125
0 0.671875 0.5029296875 0.1875 0.201171875
0 0.578125 0.494140625 0.1 0.1171875
0 0.53359375 0.4814453125 0.0609375 0.103515625
0 0.40078125 0.4521484375 0.0453125 0.041015625
0 0.371875 0.41796875 0.0125 0.015625
0 0.3578125 0.4189453125 0.015625 0.021484375
0 0.35 0.423828125 0.01875 0.01953125
0 0.334375 0.4248046875 0.015625 0.021484375
0 0.34296875 0.4482421875 0.0234375 0.029296875
0 0.2875 0.490234375 0.090625 0.10546875
1 0.20625 0.4619140625 0.021875 0.056640625
0 0.0859375 0.51953125 0.171875 0.1640625
