0 0.159375 0.564453125 0.175 0.1484375
0 0.25625 0.5302734375 0.08125 0.099609375
0 0.3203125 0.5029296875 0.090625 0.068359375
0 0.38046875 0.46875 0.0515625 0.0546875
0 0.56015625 0.474609375 0.0328125 0.05078125
0 0.5953125 0.4853515625 0.059375 0.060546875
0 0.640625 0.51171875 0.0875 0.078125
0 0.77734375 0.4951171875 0.0921875 0.068359375
0 0.9703125 0.525390625 0.05625 0.1015625
0 0.72734375 0.478515625 0.0546875 0.0703125
0 0.409375 0.466796875 0.021875 0.03515625
0 0.4171875 0.458984375 0.025 0.03515625
0 0.43125 0.45703125 0.021875 0.03125
0 0.44375 0.455078125 0.021875 0.03125
2 0.715625 0.5498046875 0.121875 0.099609375
