2 0.6875 0.5791015625 0.03125 0.134765625
1 0.6953125 0.4951171875 0.065625 0.232421875
1 0.79921875 0.4736328125 0.0421875 0.134765625
1 0.97109375 0.46875 0.0421875 0.16796875
0 0.0796875 0.5 0.159375 0.23046875
0 0.35 0.5517578125 0.271875 0.259765625
0 0.87890625 0.4638671875 0.0484375 0.072265625
1 0.83359375 0.4560546875 0.0265625 0.091796875
1 0.8515625 0.4814453125 0.046875 0.134765625
1 0.89765625 0.474609375 0.0328125 0.1328125
0 0.1703125 0.4794921875 0.053125 0.060546875
1 0.51484375 0.47265625 0.0203125 0.05859375
1 0.53203125 0.466796875 0.0203125 0.0390625
