0 0.065625 0.458984375 0.125 0.16796875
0 0.4703125 0.4697265625 0.128125 0.107421875
0 0.54296875 0.470703125 0.0453125 0.05859375
0 0.56953125 0.4677734375 0.0453125 0.056640625
0 0.6171875 0.4619140625 0.053125 0.044921875
0 0.84375 0.4736328125 0.08125 0.080078125
1 0.7953125 0.455078125 0.040625 0.12109375
1 0.76171875 0.4541015625 0.0140625 0.080078125
0 0.64453125 0.4609375 0.0234375 0.04296875
0 0.665625 0.4599609375 0.028125 0.033203125
0 0.6890625 0.455078125 0.021875 0.02734375
0 0.709375 0.4501953125 0.025 0.025390625
1 0.75078125 0.45703125 0.0203125 0.08984375
