0 0.86953125 0.7109375 0.2578125 0.328125
0 0.73359375 0.5947265625 0.2265625 0.197265625
0 0.66796875 0.5224609375 0.1265625 0.126953125
0 0.58515625 0.4814453125 0.0578125 0.056640625
0 0.07421875 0.4736328125 0.1453125 0.119140625
0 0.190625 0.474609375 0.0875 0.05859375
1 0.24140625 0.4951171875 0.0328125 0.076171875
0 0.228125 0.4580078125 0.071875 0.056640625
0 0.32421875 0.4609375 0.0703125 0.04296875
0 0.43359375 0.4482421875 0.0265625 0.025390625
0 0.490625 0.44140625 0.025 0.0234375
0 0.55 0.4580078125 0.0375 0.037109375
