0 0.084375 0.4775390625 0.1625 0.251953125
0 0.02734375 0.53125 0.0546875 0.26171875
0 0.1765625 0.4892578125 0.040625 0.087890625
0 0.1859375 0.4375 0.0875 0.06640625
0 0.32265625 0.560546875 0.3078125 0.3125
0 0.90546875 0.5107421875 0.1859375 0.271484375
1 0.7953125 0.529296875 0.08125 0.30859375
1 0.70390625 0.5322265625 0.1265625 0.271484375
1 0.57421875 0.4853515625 0.0359375 0.123046875
1 0.6375 0.4794921875 0.040625 0.130859375
1 0.53046875 0.4716796875 0.0328125 0.123046875
1 0.54375 0.48046875 0.034375 0.1171875
1 0.471875 0.455078125 0.028125 0.08203125
1 0.50859375 0.451171875 0.0203125 0.06640625
0 0.43828125 0.458984375 0.0296875 0.0546875
