0 0.128125 0.544921875 0.1625 0.171875
0 0.4625 0.5126953125 0.075 0.103515625
0 0.39453125 0.515625 0.0421875 0.109375
0 0.534375 0.5458984375 0.140625 0.115234375
1 0.61484375 0.478515625 0.0203125 0.0625
0 0.6578125 0.4990234375 0.078125 0.064453125
0 0.9359375 0.4853515625 0.08125 0.076171875
0 0.94296875 0.513671875 0.0703125 0.07421875
0 0.95859375 0.537109375 0.0796875 0.10546875
0 0.01640625 0.5244140625 0.0328125 0.150390625
0 0.87109375 0.4755859375 0.0265625 0.037109375
0 0.853125 0.458984375 0.028125 0.03125
0 0.5765625 0.47265625 0.053125 0.0625
0 0.69765625 0.4619140625 0.0421875 0.033203125
