0 0.071875 0.4814453125 0.14375 0.166015625
0 0.4046875 0.4619140625 0.040625 0.072265625
0 0.471875 0.466796875 0.13125 0.08984375
0 0.50234375 0.486328125 0.0984375 0.09765625
0 0.58671875 0.4814453125 0.1234375 0.107421875
0 0.61484375 0.494140625 0.1328125 0.12109375
0 0.6765625 0.5087890625 0.146875 0.146484375
0 0.7515625 0.5146484375 0.171875 0.177734375
0 0.88359375 0.529296875 0.2265625 0.23828125
0 0.95078125 0.58203125 0.0953125 0.28125
1 0.33828125 0.4609375 0.0234375 0.0859375
0 0.3703125 0.4619140625 0.05 0.056640625
0 0.31796875 0.4638671875 0.0265625 0.033203125
0 0.3078125 0.45703125 0.0375 0.04296875
0 0.203125 0.4521484375 0.028125 0.037109375
0 0.23203125 0.455078125 0.0265625 0.03515625
0 0.28828125 0.4541015625 0.0296875 0.041015625
0 0.16953125 0.453125 0.0359375 0.03125
