1 0.05390625 0.4853515625 0.0609375 0.134765625
1 0.7421875 0.4638671875 0.025 0.091796875
1 0.484375 0.453125 0.021875 0.0625
1 0.88828125 0.47265625 0.0484375 0.125
1 0.91640625 0.4658203125 0.0421875 0.107421875
0 0.3875 0.4765625 0.10625 0.0859375
0 0.52890625 0.46484375 0.0296875 0.046875
0 0.5625 0.474609375 0.0625 0.06640625
2 0.09375 0.5283203125 0.05 0.064453125
2 0.02890625 0.5205078125 0.0578125 0.087890625
1 0.08828125 0.4326171875 0.0234375 0.029296875
1 0.10703125 0.44140625 0.0265625 0.0390625
1 0.66640625 0.4560546875 0.0234375 0.064453125
1 0.95546875 0.4423828125 0.0265625 0.041015625
1 0.8109375 0.443359375 0.025 0.02734375
