1 0.7796875 0.4658203125 0.034375 0.044921875
2 0.7828125 0.5078125 0.040625 0.03515625
1 0.62890625 0.462890625 0.0203125 0.0625
0 0.53125 0.482421875 0.05625 0.0546875
0 0.5203125 0.466796875 0.053125 0.0625
0 0.49140625 0.4736328125 0.0203125 0.029296875
0 0.48046875 0.470703125 0.0203125 0.0234375
0 0.428125 0.466796875 0.01875 0.0234375
0 0.41484375 0.4609375 0.0203125 0.0234375
0 0.38984375 0.46875 0.0203125 0.02734375
0 0.375 0.47265625 0.01875 0.03125
0 0.3203125 0.4736328125 0.096875 0.119140625
0 0.253125 0.505859375 0.125 0.1328125
1 0.178125 0.525390625 0.028125 0.09765625
0 0.11796875 0.5029296875 0.1015625 0.119140625
0 0.06796875 0.56640625 0.1359375 0.265625
