0 0.9640625 0.458984375 0.065625 0.0703125
0 0.9765625 0.5712890625 0.04375 0.107421875
0 0.89921875 0.462890625 0.0734375 0.0625
0 0.815625 0.4482421875 0.096875 0.087890625
1 0.69453125 0.4189453125 0.0265625 0.052734375
1 0.65234375 0.3916015625 0.0203125 0.029296875
0 0.41015625 0.431640625 0.0328125 0.05078125
0 0.60625 0.48828125 0.403125 0.1796875
0 0.35859375 0.4404296875 0.0328125 0.029296875
0 0.3109375 0.4345703125 0.05625 0.068359375
0 0.2515625 0.4775390625 0.103125 0.099609375
0 0.08984375 0.484375 0.1546875 0.125
