1 0.97421875 0.4990234375 0.0453125 0.138671875
1 0.8484375 0.498046875 0.0375 0.12890625
1 0.82265625 0.5068359375 0.0265625 0.119140625
1 0.79296875 0.4931640625 0.0265625 0.072265625
1 0.7625 0.5087890625 0.0375 0.115234375
1 0.73046875 0.5185546875 0.0296875 0.107421875
1 0.7046875 0.515625 0.025 0.0703125
1 0.68359375 0.51171875 0.0234375 0.0703125
1 0.6640625 0.5126953125 0.021875 0.072265625
1 0.6453125 0.51171875 0.021875 0.0703125
1 0.63046875 0.51953125 0.0203125 0.06640625
1 0.6109375 0.5205078125 0.021875 0.064453125
1 0.59453125 0.521484375 0.0203125 0.0625
1 0.5546875 0.490234375 0.01875 0.0546875
1 0.53515625 0.505859375 0.0234375 0.05859375
0 0.43515625 0.470703125 0.0234375 0.0234375
0 0.41640625 0.4609375 0.0203125 0.02734375
0 0.4734375 0.533203125 0.10625 0.10546875
0 0.3953125 0.484375 0.028125 0.03125
1 0.3796875 0.5068359375 0.021875 0.052734375
0 0.3609375 0.5029296875 0.021875 0.037109375
0 0.328125 0.5078125 0.04375 0.04296875
1 0.26015625 0.5166015625 0.0171875 0.044921875
1 0.23828125 0.505859375 0.0171875 0.05078125
1 0.2265625 0.5126953125 0.015625 0.048828125
0 0.17109375 0.53125 0.0421875 0.046875
0 0.1296875 0.52734375 0.025 0.05859375
0 0.403125 0.5302734375 0.03125 0.072265625
