0 0.93203125 0.6474609375 0.1328125 0.353515625
0 0.45078125 0.4736328125 0.0921875 0.068359375
0 0.3984375 0.4599609375 0.015625 0.056640625
0 0.46953125 0.4609375 0.0609375 0.078125
0 0.50234375 0.453125 0.0359375 0.0625
1 0.05 0.5078125 0.1 0.23046875
1 0.20625 0.4638671875 0.021875 0.076171875
1 0.2265625 0.45703125 0.021875 0.08203125
1 0.896875 0.4580078125 0.034375 0.087890625
1 0.93203125 0.4462890625 0.0390625 0.099609375
2 0.64609375 0.4765625 0.0140625 0.03515625
2 0.6109375 0.4765625 0.015625 0.0390625
2 0.33671875 0.5126953125 0.0953125 0.056640625
1 0.7046875 0.458984375 0.015625 0.04296875
1 0.64375 0.443359375 0.01875 0.0390625
1 0.609375 0.4375 0.021875 0.04296875
0 0.3734375 0.462890625 0.0375 0.0703125
1 0.33828125 0.451171875 0.0453125 0.0703125
1 0.2984375 0.455078125 0.01875 0.05078125
1 0.18671875 0.431640625 0.0203125 0.04296875
1 0.77578125 0.4345703125 0.0171875 0.037109375
