0 0.8890625 0.4404296875 0.040625 0.064453125
0 0.84140625 0.451171875 0.0703125 0.05859375
0 0.640625 0.462890625 0.1125 0.08203125
0 0.49765625 0.44921875 0.0296875 0.03515625
0 0.43203125 0.4296875 0.0234375 0.0234375
0 0.39375 0.4482421875 0.03125 0.037109375
0 0.315625 0.4619140625 0.053125 0.037109375
0 0.22265625 0.5 0.1359375 0.1015625
0 0.09453125 0.4921875 0.1203125 0.1015625
0 0.01953125 0.498046875 0.0390625 0.11328125
0 0.71875 0.4619140625 0.034375 0.072265625
1 0.95390625 0.52734375 0.0609375 0.18359375
