1 0.69375 0.466796875 0.028125 0.1015625
1 0.715625 0.466796875 0.01875 0.1015625
1 0.7734375 0.4775390625 0.03125 0.095703125
1 0.02421875 0.51953125 0.0296875 0.09765625
0 0.315625 0.46484375 0.05625 0.046875
0 0.35859375 0.501953125 0.1421875 0.12890625
0 0.5453125 0.5810546875 0.35625 0.333984375
0 0.86171875 0.4765625 0.0453125 0.046875
0 0.95546875 0.466796875 0.0421875 0.09765625
1 0.0546875 0.5146484375 0.04375 0.130859375
0 0.89921875 0.4755859375 0.0578125 0.080078125
1 0.2015625 0.4521484375 0.01875 0.052734375
1 0.2265625 0.4599609375 0.01875 0.052734375
