0 0.22265625 0.5146484375 0.1265625 0.107421875
0 0.22421875 0.4521484375 0.0828125 0.044921875
0 0.29375 0.494140625 0.075 0.078125
0 0.32265625 0.4794921875 0.0578125 0.060546875
0 0.3625 0.458984375 0.0375 0.0390625
0 0.37734375 0.453125 0.0421875 0.0390625
0 0.675 0.5107421875 0.171875 0.166015625
0 0.93828125 0.5458984375 0.1171875 0.154296875
1 0.74609375 0.466796875 0.0234375 0.0625
0 0.41796875 0.4384765625 0.0296875 0.033203125
0 0.53125 0.4453125 0.021875 0.03125
0 0.878125 0.4345703125 0.10625 0.037109375
