0 0.1078125 0.556640625 0.215625 0.27734375
1 0.8421875 0.482421875 0.046875 0.20703125
1 0.8015625 0.48046875 0.05625 0.1875
0 0.56484375 0.458984375 0.0671875 0.05859375
0 0.5046875 0.4443359375 0.05 0.068359375
1 0.52734375 0.470703125 0.0296875 0.09765625
1 0.48671875 0.4677734375 0.0234375 0.115234375
1 0.4671875 0.4697265625 0.034375 0.103515625
1 0.4140625 0.470703125 0.040625 0.1171875
1 0.3296875 0.4482421875 0.025 0.072265625
1 0.30703125 0.4453125 0.0234375 0.0703125
1 0.2421875 0.4453125 0.028125 0.07421875
1 0.6734375 0.4384765625 0.028125 0.068359375
1 0.36328125 0.4375 0.0265625 0.0546875
1 0.378125 0.4599609375 0.025 0.083984375
0 0.63359375 0.4697265625 0.0328125 0.052734375
