1 0.05859375 0.3759765625 0.0546875 0.201171875
1 0.0171875 0.3466796875 0.034375 0.107421875
0 0.115625 0.3935546875 0.103125 0.103515625
0 0.17890625 0.384765625 0.0578125 0.078125
0 0.24140625 0.3818359375 0.0765625 0.064453125
0 0.3234375 0.37890625 0.046875 0.0390625
0 0.559375 0.419921875 0.11875 0.109375
0 0.5078125 0.3916015625 0.05625 0.076171875
0 0.9125 0.451171875 0.171875 0.22265625
0 0.4421875 0.3857421875 0.025 0.029296875
0 0.284375 0.380859375 0.0375 0.05859375
0 0.36328125 0.3818359375 0.0296875 0.037109375
0 0.3828125 0.3828125 0.021875 0.03125
1 0.465625 0.3857421875 0.0125 0.037109375
1 0.4234375 0.3818359375 0.015625 0.041015625
1 0.40703125 0.380859375 0.0171875 0.0390625
