0 0.203125 0.544921875 0.146875 0.12109375
0 0.271875 0.5087890625 0.090625 0.095703125
0 0.3390625 0.4912109375 0.0625 0.056640625
0 0.6046875 0.4814453125 0.059375 0.064453125
0 0.640625 0.515625 0.071875 0.08984375
0 0.665625 0.541015625 0.078125 0.11328125
0 0.775 0.580078125 0.2125 0.203125
0 0.5734375 0.4716796875 0.028125 0.044921875
0 0.5640625 0.4658203125 0.03125 0.044921875
0 0.49921875 0.43359375 0.0203125 0.0234375
0 0.409375 0.4580078125 0.0375 0.041015625
0 0.396875 0.4658203125 0.0375 0.044921875
0 0.1796875 0.478515625 0.096875 0.0703125
0 0.12109375 0.5126953125 0.0671875 0.087890625
