0 0.88515625 0.6220703125 0.2234375 0.275390625
0 0.8171875 0.501953125 0.134375 0.07421875
0 0.60625 0.4794921875 0.05625 0.052734375
0 0.58359375 0.4638671875 0.0359375 0.044921875
0 0.50390625 0.4453125 0.0296875 0.0234375
0 0.4265625 0.4521484375 0.05 0.033203125
1 0.65234375 0.46875 0.0234375 0.05859375
1 0.359375 0.462890625 0.01875 0.05078125
1 0.35 0.458984375 0.01875 0.05078125
1 0.3375 0.4609375 0.01875 0.046875
1 0.13515625 0.501953125 0.0328125 0.09765625
1 0.10703125 0.4970703125 0.0296875 0.095703125
1 0.07421875 0.498046875 0.0296875 0.10546875
1 0.39765625 0.45703125 0.0203125 0.0390625
