0 0.3703125 0.484375 0.125 0.16015625
0 0.46484375 0.4638671875 0.0515625 0.052734375
2 0.559375 0.5 0.0875 0.0859375
1 0.578125 0.44140625 0.05 0.12890625
1 0.621875 0.4912109375 0.053125 0.169921875
1 0.9203125 0.4697265625 0.0625 0.130859375
1 0.81171875 0.5185546875 0.1421875 0.466796875
0 0.3015625 0.46484375 0.04375 0.09765625
1 0.6671875 0.4833984375 0.0375 0.087890625
1 0.7046875 0.453125 0.025 0.0390625
1 0.7203125 0.4599609375 0.046875 0.060546875
1 0.878125 0.517578125 0.0875 0.18359375
