1 0.65078125 0.4521484375 0.0234375 0.072265625
1 0.590625 0.4609375 0.021875 0.0703125
1 0.5765625 0.46484375 0.01875 0.0546875
1 0.55859375 0.4638671875 0.0203125 0.064453125
0 0.38671875 0.4716796875 0.0296875 0.033203125
0 0.2953125 0.478515625 0.034375 0.05078125
0 0.23984375 0.4814453125 0.0671875 0.056640625
0 0.1359375 0.4912109375 0.10625 0.095703125
0 0.034375 0.4990234375 0.06875 0.138671875
0 0.328125 0.474609375 0.028125 0.03515625
0 0.3375 0.4697265625 0.025 0.033203125
1 0.54375 0.4521484375 0.01875 0.033203125
