0 0.8515625 0.5322265625 0.29375 0.119140625
0 0.7125 0.5068359375 0.090625 0.076171875
0 0.66796875 0.4970703125 0.0546875 0.060546875
1 0.9640625 0.49609375 0.01875 0.0234375
1 0.58828125 0.501953125 0.0203125 0.09765625
1 0.56796875 0.4970703125 0.0234375 0.095703125
0 0.5421875 0.4736328125 0.025 0.029296875
0 0.525 0.46875 0.01875 0.02734375
0 0.49375 0.462890625 0.01875 0.01953125
0 0.43125 0.4677734375 0.021875 0.037109375
0 0.41015625 0.4677734375 0.0234375 0.052734375
1 0.38671875 0.4951171875 0.0421875 0.083984375
1 0.3421875 0.4599609375 0.021875 0.044921875
1 0.32109375 0.45703125 0.0234375 0.046875
1 0.2953125 0.4482421875 0.021875 0.033203125
