1 0.59921875 0.462890625 0.0234375 0.05078125
1 0.53359375 0.4599609375 0.0203125 0.044921875
1 0.52421875 0.462890625 0.0203125 0.05078125
1 0.23515625 0.52734375 0.0328125 0.1640625
0 0.84921875 0.49609375 0.1484375 0.0859375
0 0.3453125 0.4794921875 0.065625 0.060546875
0 0.2703125 0.521484375 0.034375 0.08984375
0 0.17421875 0.5380859375 0.1046875 0.126953125
0 0.0921875 0.5791015625 0.18125 0.185546875
0 0.021875 0.626953125 0.0375 0.16796875
0 0.66640625 0.4619140625 0.0421875 0.052734375
0 0.71484375 0.4638671875 0.0265625 0.060546875
0 0.82265625 0.4560546875 0.1859375 0.099609375
0 0.9609375 0.5 0.075 0.13671875
0 0.9765625 0.5146484375 0.04375 0.134765625
0 0.4796875 0.4443359375 0.01875 0.025390625
0 0.38046875 0.46875 0.0328125 0.0390625
0 0.4015625 0.46875 0.025 0.03125
1 0.6421875 0.4609375 0.021875 0.046875
