0 0.86796875 0.564453125 0.2578125 0.26171875
0 0.63046875 0.4892578125 0.0953125 0.103515625
0 0.55546875 0.4638671875 0.0328125 0.037109375
1 0.53125 0.45703125 0.0125 0.03515625
2 0.28203125 0.5205078125 0.0296875 0.041015625
1 0.2859375 0.4814453125 0.028125 0.072265625
1 0.16015625 0.4755859375 0.0109375 0.044921875
0 0.47734375 0.458984375 0.0234375 0.03125
0 0.46171875 0.4482421875 0.0203125 0.025390625
0 0.44140625 0.462890625 0.0203125 0.03515625
0 0.4328125 0.4697265625 0.01875 0.033203125
0 0.41796875 0.470703125 0.0203125 0.03515625
0 0.38828125 0.47265625 0.0453125 0.0546875
