1 0.6328125 0.4755859375 0.025 0.103515625
1 0.6578125 0.46484375 0.034375 0.12890625
1 0.1703125 0.4931640625 0.028125 0.060546875
0 0.80625 0.462890625 0.05625 0.07421875
0 0.92421875 0.44921875 0.1453125 0.14453125
0 0.9515625 0.486328125 0.09375 0.1171875
1 0.609375 0.462890625 0.021875 0.0546875
1 0.58984375 0.455078125 0.0203125 0.0546875
1 0.55625 0.455078125 0.021875 0.046875
1 0.37734375 0.4619140625 0.0140625 0.029296875
0 0.73046875 0.45703125 0.0359375 0.05859375
1 0.1265625 0.490234375 0.021875 0.03125
1 0.1125 0.4931640625 0.021875 0.060546875
