1 0.9265625 0.439453125 0.04375 0.05859375
2 0.92578125 0.5771484375 0.1078125 0.208984375
2 0.76875 0.5185546875 0.075 0.154296875
2 0.63828125 0.58984375 0.0546875 0.20703125
2 0.515625 0.5888671875 0.0375 0.185546875
2 0.39140625 0.49609375 0.0171875 0.0703125
2 0.68359375 0.4921875 0.0171875 0.078125
2 0.7234375 0.49609375 0.034375 0.0625
2 0.8265625 0.51953125 0.0375 0.125
2 0.85078125 0.5234375 0.0234375 0.1171875
2 0.9890625 0.552734375 0.01875 0.171875
1 0.9828125 0.443359375 0.01875 0.03125
1 0.9640625 0.4462890625 0.021875 0.037109375
1 0.63828125 0.39453125 0.0859375 0.1953125
1 0.5875 0.4423828125 0.021875 0.060546875
2 0.58671875 0.4853515625 0.0234375 0.037109375
1 0.51171875 0.421875 0.0734375 0.15625
1 0.39296875 0.4365234375 0.0296875 0.056640625
1 0.3125 0.443359375 0.0125 0.0234375
