0 0.06796875 0.61328125 0.1359375 0.19140625
0 0.153125 0.56640625 0.1375 0.13671875
0 0.24609375 0.525390625 0.0859375 0.1015625
0 0.33046875 0.53515625 0.1359375 0.140625
0 0.5875 0.4970703125 0.059375 0.072265625
0 0.56953125 0.4736328125 0.0609375 0.064453125
0 0.4625 0.4423828125 0.028125 0.029296875
0 0.86015625 0.7109375 0.2734375 0.31640625
0 0.934375 0.857421875 0.11875 0.265625
2 0.62734375 0.66015625 0.0234375 0.13671875
1 0.6234375 0.587890625 0.06875 0.234375
0 0.37578125 0.4609375 0.0421875 0.046875
0 0.40078125 0.4580078125 0.0265625 0.037109375
0 0.52578125 0.4462890625 0.0328125 0.041015625
0 0.6921875 0.48046875 0.040625 0.0703125
