2 0.5265625 0.4853515625 0.01875 0.072265625
2 0.48203125 0.4873046875 0.0171875 0.068359375
1 0.15 0.447265625 0.025 0.08203125
2 0.640625 0.484375 0.028125 0.05078125
0 0.98515625 0.4228515625 0.0265625 0.048828125
2 0.421875 0.4541015625 0.009375 0.025390625
1 0.3640625 0.4423828125 0.015625 0.037109375
2 0.2640625 0.462890625 0.021875 0.03515625
2 0.88359375 0.4970703125 0.0453125 0.107421875
2 0.84609375 0.5029296875 0.0421875 0.087890625
2 0.8125 0.4765625 0.028125 0.08984375
1 0.73125 0.44140625 0.025 0.09375
1 0.6984375 0.4306640625 0.028125 0.037109375
1 0.6390625 0.4248046875 0.040625 0.064453125
1 0.52578125 0.4482421875 0.0328125 0.115234375
1 0.48046875 0.4580078125 0.0328125 0.103515625
0 0.44140625 0.443359375 0.0234375 0.0234375
1 0.42265625 0.431640625 0.0078125 0.02734375
0 0.40625 0.4482421875 0.025 0.029296875
1 0.3171875 0.453125 0.025 0.0546875
2 0.13359375 0.4892578125 0.0359375 0.064453125
2 0.11171875 0.482421875 0.0265625 0.05859375
2 0.0609375 0.4912109375 0.028125 0.076171875
