1 0.5421875 0.47265625 0.021875 0.0625
1 0.68046875 0.458984375 0.0234375 0.0546875
1 0.6 0.46484375 0.025 0.07421875
0 0.27578125 0.458984375 0.0234375 0.04296875
0 0.19140625 0.466796875 0.0953125 0.09765625
0 0.13046875 0.4677734375 0.0484375 0.060546875
0 0.06484375 0.490234375 0.1296875 0.109375
1 0.76953125 0.44921875 0.0203125 0.04296875
0 0.4484375 0.466796875 0.1 0.109375
0 0.33046875 0.455078125 0.0265625 0.02734375
0 0.3 0.4560546875 0.03125 0.041015625
0 0.2515625 0.4716796875 0.040625 0.068359375
