1 0.628125 0.4775390625 0.0375 0.154296875
2 0.66640625 0.5166015625 0.0359375 0.056640625
2 0.5828125 0.5205078125 0.05 0.056640625
0 0.59453125 0.4521484375 0.0328125 0.060546875
0 0.565625 0.4521484375 0.034375 0.072265625
0 0.5484375 0.4580078125 0.01875 0.052734375
0 0.53125 0.453125 0.025 0.04296875
0 0.51484375 0.4462890625 0.0140625 0.025390625
0 0.503125 0.4443359375 0.0125 0.025390625
0 0.4953125 0.447265625 0.0125 0.01953125
0 0.45703125 0.46484375 0.0703125 0.06640625
0 0.34375 0.458984375 0.05 0.078125
0 0.27421875 0.4697265625 0.0953125 0.091796875
0 0.42109375 0.4345703125 0.0359375 0.052734375
