1 0.1234375 0.5234375 0.11875 0.28125
0 0.34375 0.46875 0.028125 0.02734375
0 0.32734375 0.4755859375 0.0359375 0.037109375
0 0.41328125 0.4833984375 0.0828125 0.095703125
0 0.80390625 0.5029296875 0.0765625 0.099609375
1 0.828125 0.54296875 0.034375 0.109375
1 0.75546875 0.5 0.0328125 0.140625
1 0.72421875 0.5068359375 0.0359375 0.169921875
1 0.6921875 0.5078125 0.05625 0.20703125
1 0.8609375 0.515625 0.040625 0.15234375
0 0.04609375 0.4794921875 0.0890625 0.091796875
1 0.84921875 0.533203125 0.0484375 0.15625
