0 0.2328125 0.4931640625 0.153125 0.142578125
0 0.32421875 0.4873046875 0.0515625 0.083984375
0 0.38203125 0.4833984375 0.0546875 0.056640625
0 0.403125 0.4541015625 0.05625 0.056640625
0 0.5078125 0.462890625 0.05 0.046875
0 0.6203125 0.4755859375 0.053125 0.068359375
0 0.853125 0.6142578125 0.28125 0.294921875
0 0.81171875 0.4677734375 0.0984375 0.083984375
1 0.5921875 0.4775390625 0.034375 0.107421875
1 0.56171875 0.4755859375 0.0265625 0.068359375
1 0.4484375 0.45703125 0.01875 0.05859375
1 0.4359375 0.4638671875 0.01875 0.056640625
0 0.68046875 0.4951171875 0.1203125 0.119140625
0 0.725 0.4638671875 0.053125 0.068359375
0 0.3328125 0.474609375 0.06875 0.0859375
1 0.47890625 0.4560546875 0.0203125 0.037109375
