0 0.871875 0.7080078125 0.253125 0.337890625
0 0.7546875 0.5986328125 0.175 0.185546875
0 0.640625 0.521484375 0.1 0.10546875
0 0.59765625 0.498046875 0.0546875 0.07421875
0 0.428125 0.4541015625 0.028125 0.033203125
0 0.334375 0.484375 0.053125 0.0703125
0 0.29453125 0.50390625 0.0765625 0.0859375
0 0.56484375 0.46875 0.0359375 0.046875
0 0.55 0.453125 0.04375 0.04296875
0 0.49609375 0.4306640625 0.0234375 0.025390625
1 0.4109375 0.4609375 0.01875 0.0546875
1 0.3984375 0.4482421875 0.021875 0.041015625
0 0.3296875 0.4306640625 0.040625 0.037109375
0 0.35859375 0.44140625 0.0265625 0.0390625
