1 0.1484375 0.4716796875 0.028125 0.072265625
1 0.1203125 0.470703125 0.025 0.07421875
1 0.328125 0.4541015625 0.01875 0.044921875
0 0.9125 0.6572265625 0.16875 0.291015625
0 0.78671875 0.572265625 0.1609375 0.15234375
0 0.70703125 0.5419921875 0.0984375 0.115234375
0 0.54765625 0.451171875 0.0359375 0.0390625
0 0.4515625 0.4443359375 0.034375 0.037109375
1 0.6140625 0.455078125 0.01875 0.04296875
1 0.64296875 0.46875 0.0203125 0.05859375
1 0.9484375 0.4873046875 0.03125 0.052734375
1 0.75859375 0.458984375 0.0265625 0.03125
