0 0.38984375 0.46484375 0.1140625 0.125
0 0.32734375 0.46875 0.0140625 0.05859375
1 0.71015625 0.4599609375 0.0203125 0.044921875
1 0.659375 0.4501953125 0.015625 0.044921875
1 0.725 0.44921875 0.0125 0.0234375
1 0.825 0.4306640625 0.025 0.056640625
1 0.9046875 0.4580078125 0.015625 0.072265625
1 0.628125 0.45703125 0.021875 0.0546875
1 0.078125 0.421875 0.021875 0.04296875
0 0.46953125 0.44921875 0.0140625 0.01953125
0 0.453125 0.44921875 0.01875 0.0390625
0 0.28046875 0.466796875 0.0859375 0.08984375
