1 0.12734375 0.4921875 0.0265625 0.0859375
1 0.15234375 0.4912109375 0.0234375 0.087890625
1 0.18125 0.4892578125 0.028125 0.087890625
1 0.35625 0.4609375 0.01875 0.046875
1 0.346875 0.458984375 0.01875 0.046875
0 0.92578125 0.6767578125 0.1421875 0.255859375
0 0.82578125 0.5673828125 0.2171875 0.197265625
0 0.96328125 0.50390625 0.0703125 0.0703125
0 0.60078125 0.4755859375 0.0484375 0.044921875
0 0.4140625 0.4501953125 0.05 0.037109375
0 0.50625 0.453125 0.028125 0.0234375
1 0.63359375 0.4736328125 0.0203125 0.056640625
1 0.40625 0.458984375 0.021875 0.046875
0 0.96015625 0.4765625 0.0578125 0.0546875
0 0.57734375 0.4697265625 0.0296875 0.033203125
