1 0.83671875 0.5146484375 0.0484375 0.181640625
0 0.79140625 0.5009765625 0.0765625 0.103515625
0 0.92421875 0.4951171875 0.1484375 0.115234375
0 0.69453125 0.470703125 0.0421875 0.06640625
0 0.62734375 0.4912109375 0.0984375 0.103515625
0 0.55 0.451171875 0.03125 0.03515625
0 0.52421875 0.462890625 0.0546875 0.05859375
0 0.45078125 0.4541015625 0.0578125 0.052734375
0 0.39609375 0.4599609375 0.0421875 0.044921875
0 0.3546875 0.4609375 0.053125 0.0625
0 0.33671875 0.4716796875 0.0421875 0.056640625
0 0.30625 0.4755859375 0.046875 0.072265625
0 0.23984375 0.4794921875 0.1171875 0.107421875
