1 0.97265625 0.474609375 0.0203125 0.08203125
1 0.95078125 0.4697265625 0.0203125 0.087890625
0 0.896875 0.482421875 0.0875 0.08984375
0 0.771875 0.48046875 0.115625 0.10546875
1 0.65546875 0.4814453125 0.0203125 0.087890625
1 0.60625 0.474609375 0.028125 0.0859375
1 0.57109375 0.4619140625 0.0234375 0.041015625
1 0.53984375 0.443359375 0.0203125 0.04296875
1 0.51796875 0.4658203125 0.0234375 0.099609375
0 0.4453125 0.478515625 0.09375 0.09375
0 0.22578125 0.4853515625 0.0984375 0.083984375
0 0.103125 0.474609375 0.1125 0.10546875
0 0.02421875 0.4755859375 0.0453125 0.095703125
