0 0.4625 0.4619140625 0.08125 0.091796875
0 0.44140625 0.447265625 0.0734375 0.08203125
0 0.1140625 0.458984375 0.09375 0.078125
1 0.7015625 0.4853515625 0.04375 0.126953125
1 0.93515625 0.4921875 0.0546875 0.12109375
1 0.33984375 0.4326171875 0.0265625 0.083984375
1 0.25625 0.4296875 0.021875 0.07421875
1 0.21171875 0.4375 0.0234375 0.0703125
1 0.18515625 0.4423828125 0.0265625 0.087890625
3 0.871875 0.5322265625 0.01875 0.025390625
3 0.73984375 0.52734375 0.0546875 0.05859375
0 0.02421875 0.4296875 0.0484375 0.05859375
0 0.06796875 0.427734375 0.0453125 0.0546875
0 0.1609375 0.44140625 0.0375 0.0703125
0 0.3796875 0.4267578125 0.034375 0.052734375
