1 0.89140625 0.53515625 0.0796875 0.31640625
0 0.50625 0.4755859375 0.034375 0.087890625
1 0.465625 0.494140625 0.03125 0.11328125
0 0.421875 0.4814453125 0.053125 0.044921875
0 0.37890625 0.470703125 0.0328125 0.04296875
0 0.24140625 0.4814453125 0.0671875 0.056640625
1 0.19765625 0.482421875 0.0203125 0.05078125
0 0.1703125 0.4814453125 0.034375 0.056640625
0 0.11796875 0.46484375 0.0265625 0.0234375
0 0.10390625 0.466796875 0.0234375 0.0234375
0 0.0796875 0.46875 0.025 0.0234375
0 0.0484375 0.466796875 0.03125 0.02734375
0 0.01015625 0.4755859375 0.0203125 0.029296875
