1 0.78984375 0.474609375 0.0234375 0.10546875
1 0.7015625 0.4228515625 0.040625 0.041015625
0 0.6875 0.521484375 0.16875 0.16015625
0 0.6109375 0.4892578125 0.11875 0.146484375
0 0.55 0.5068359375 0.015625 0.044921875
0 0.53125 0.48828125 0.0375 0.0546875
0 0.5125 0.48046875 0.025 0.046875
0 0.5 0.484375 0.021875 0.02734375
0 0.4859375 0.4755859375 0.021875 0.025390625
0 0.4359375 0.4775390625 0.009375 0.013671875
0 0.41640625 0.4775390625 0.0265625 0.033203125
0 0.38515625 0.478515625 0.0296875 0.03515625
0 0.3609375 0.4833984375 0.028125 0.037109375
0 0.334375 0.4921875 0.03125 0.04296875
1 0.3015625 0.4677734375 0.025 0.052734375
2 0.30546875 0.51953125 0.0203125 0.046875
0 0.25390625 0.494140625 0.0734375 0.08203125
0 0.22421875 0.513671875 0.0609375 0.08203125
0 0.1390625 0.5126953125 0.11875 0.134765625
0 0.05625 0.53515625 0.1125 0.1640625
