1 0.16328125 0.4814453125 0.0296875 0.076171875
1 0.15 0.5029296875 0.025 0.107421875
1 0.121875 0.498046875 0.03125 0.1015625
1 0.06484375 0.5458984375 0.0921875 0.185546875
1 0.953125 0.529296875 0.046875 0.13671875
0 0.415625 0.4716796875 0.053125 0.068359375
0 0.3484375 0.4609375 0.05625 0.05078125
0 0.5046875 0.455078125 0.03125 0.03125
0 0.64609375 0.49609375 0.0515625 0.07421875
0 0.67734375 0.5126953125 0.0859375 0.087890625
0 0.8078125 0.5791015625 0.18125 0.166015625
0 0.61875 0.4873046875 0.034375 0.052734375
0 0.603125 0.48046875 0.025 0.04296875
0 0.58828125 0.4775390625 0.0296875 0.033203125
