1 0.959375 0.478515625 0.01875 0.078125
0 0.9265625 0.4775390625 0.04375 0.056640625
0 0.6890625 0.4921875 0.071875 0.078125
0 0.80703125 0.53125 0.2890625 0.1796875
1 0.60859375 0.4892578125 0.0203125 0.072265625
1 0.5703125 0.4853515625 0.025 0.076171875
1 0.5390625 0.4775390625 0.01875 0.044921875
1 0.515625 0.4677734375 0.01875 0.056640625
1 0.496875 0.48046875 0.01875 0.0859375
0 0.43515625 0.4892578125 0.0796875 0.083984375
0 0.253125 0.4951171875 0.08125 0.072265625
0 0.15078125 0.48828125 0.0859375 0.08984375
0 0.0875 0.4892578125 0.0375 0.083984375
1 0.034375 0.494140625 0.028125 0.1015625
2 0.05625 0.5185546875 0.021875 0.048828125
2 0.009375 0.5244140625 0.01875 0.044921875
