2 0.3875 0.7099609375 0.034375 0.154296875
1 0.634375 0.587890625 0.075 0.2578125
1 0.39375 0.615234375 0.09375 0.25390625
0 0.0890625 0.6142578125 0.175 0.208984375
0 0.3140625 0.5048828125 0.0875 0.072265625
0 0.375 0.4765625 0.053125 0.05859375
0 0.46484375 0.4560546875 0.0359375 0.037109375
0 0.67421875 0.5263671875 0.0546875 0.095703125
0 0.8421875 0.646484375 0.28125 0.234375
0 0.89609375 0.4775390625 0.1421875 0.060546875
0 0.915625 0.765625 0.1625 0.33984375
0 0.57265625 0.4697265625 0.0515625 0.056640625
0 0.04140625 0.4765625 0.0828125 0.06640625
0 0.2609375 0.490234375 0.109375 0.06640625
0 0.41171875 0.4658203125 0.0328125 0.041015625
0 0.421875 0.4599609375 0.03125 0.041015625
0 0.61328125 0.4951171875 0.0921875 0.091796875
0 0.72734375 0.4794921875 0.1265625 0.064453125
0 0.8578125 0.4677734375 0.121875 0.076171875
