1 0.8734375 0.4501953125 0.071875 0.111328125
1 0.68984375 0.4951171875 0.0328125 0.169921875
1 0.65625 0.521484375 0.025 0.109375
1 0.62578125 0.494140625 0.0359375 0.125
1 0.58671875 0.4912109375 0.0265625 0.115234375
0 0.72109375 0.4951171875 0.0265625 0.041015625
0 0.553125 0.4609375 0.0375 0.02734375
0 0.5046875 0.4921875 0.128125 0.0703125
0 0.40078125 0.4912109375 0.0953125 0.103515625
0 0.34609375 0.4658203125 0.0328125 0.025390625
0 0.30234375 0.4794921875 0.0671875 0.076171875
0 0.19375 0.4755859375 0.153125 0.146484375
0 0.09609375 0.4521484375 0.0359375 0.041015625
0 0.0734375 0.4501953125 0.01875 0.037109375
0 0.05546875 0.462890625 0.0203125 0.04296875
0 0.015625 0.45703125 0.03125 0.0625
