0 0.915625 0.7666015625 0.165625 0.337890625
0 0.02421875 0.6708984375 0.0484375 0.201171875
0 0.27890625 0.5126953125 0.0828125 0.087890625
0 0.36953125 0.4853515625 0.0609375 0.064453125
0 0.415625 0.46875 0.034375 0.0546875
0 0.47890625 0.4609375 0.0421875 0.03125
0 0.590625 0.4775390625 0.053125 0.068359375
0 0.64375 0.5048828125 0.0875 0.115234375
0 0.73359375 0.5478515625 0.0546875 0.126953125
0 0.65 0.544921875 0.046875 0.1171875
1 0.6921875 0.599609375 0.08125 0.265625
1 0.3421875 0.6298828125 0.090625 0.263671875
2 0.34375 0.720703125 0.040625 0.15625
0 0.91796875 0.47265625 0.1328125 0.078125
0 0.9390625 0.486328125 0.115625 0.07421875
0 0.7703125 0.490234375 0.121875 0.06640625
0 0.23828125 0.4951171875 0.1078125 0.072265625
0 0.76640625 0.4453125 0.0453125 0.0234375
