1 0.7359375 0.4794921875 0.03125 0.091796875
1 0.64140625 0.4599609375 0.0203125 0.041015625
2 0.640625 0.5087890625 0.021875 0.044921875
1 0.534375 0.470703125 0.01875 0.04296875
1 0.5015625 0.46875 0.01875 0.04296875
1 0.47578125 0.46875 0.0234375 0.05078125
0 0.35234375 0.4541015625 0.0359375 0.037109375
0 0.3203125 0.4599609375 0.034375 0.033203125
0 0.271875 0.44921875 0.034375 0.03125
0 0.15234375 0.4599609375 0.0515625 0.037109375
0 0.075 0.484375 0.146875 0.10546875
0 0.43828125 0.45703125 0.0234375 0.0234375
