0 0.88515625 0.75 0.2265625 0.48828125
1 0.675 0.513671875 0.06875 0.19140625
1 0.5609375 0.5009765625 0.034375 0.119140625
1 0.13828125 0.5068359375 0.0515625 0.150390625
1 0.075 0.505859375 0.053125 0.1484375
0 0.3234375 0.453125 0.090625 0.0625
0 0.24296875 0.4365234375 0.0671875 0.052734375
0 0.4890625 0.4638671875 0.05 0.044921875
0 0.5171875 0.4638671875 0.021875 0.033203125
0 0.53125 0.4638671875 0.025 0.033203125
0 0.59765625 0.4638671875 0.0265625 0.029296875
0 0.73828125 0.470703125 0.0359375 0.06640625
0 0.03125 0.466796875 0.0625 0.05859375
