0 0.9328125 0.5986328125 0.13125 0.322265625
0 0.8234375 0.5458984375 0.25625 0.208984375
0 0.6140625 0.484375 0.090625 0.09375
0 0.5578125 0.466796875 0.03125 0.0390625
0 0.5296875 0.4609375 0.025 0.03125
0 0.48125 0.4697265625 0.046875 0.052734375
0 0.4515625 0.4462890625 0.015625 0.021484375
0 0.440625 0.427734375 0.0125 0.01953125
0 0.4109375 0.470703125 0.021875 0.03515625
0 0.38203125 0.474609375 0.0359375 0.046875
1 0.34453125 0.4609375 0.0109375 0.03515625
1 0.334375 0.4658203125 0.015625 0.041015625
0 0.134375 0.5185546875 0.26875 0.294921875
