0 0.37734375 0.521484375 0.2484375 0.1484375
1 0.875 0.537109375 0.084375 0.2734375
1 0.96171875 0.5078125 0.0671875 0.31640625
0 0.80859375 0.4658203125 0.0546875 0.072265625
1 0.63359375 0.4638671875 0.0359375 0.115234375
1 0.66953125 0.4638671875 0.0296875 0.115234375
1 0.7046875 0.466796875 0.03125 0.1171875
1 0.12734375 0.4892578125 0.0203125 0.033203125
1 0.603125 0.455078125 0.021875 0.0546875
0 0.72890625 0.4580078125 0.0328125 0.072265625
1 0.47421875 0.462890625 0.0203125 0.046875
0 0.91328125 0.4140625 0.0609375 0.0546875
