1 0.33828125 0.4931640625 0.0296875 0.095703125
0 0.0453125 0.548828125 0.0875 0.16796875
0 0.13125 0.5361328125 0.153125 0.146484375
0 0.30390625 0.4921875 0.0578125 0.06640625
0 0.39921875 0.470703125 0.0453125 0.0546875
0 0.57734375 0.46875 0.0421875 0.046875
0 0.6609375 0.462890625 0.046875 0.046875
0 0.96796875 0.494140625 0.0609375 0.140625
0 0.93515625 0.46875 0.0796875 0.0703125
0 0.3609375 0.4853515625 0.034375 0.056640625
0 0.4265625 0.4736328125 0.021875 0.037109375
0 0.4390625 0.466796875 0.028125 0.03515625
0 0.446875 0.4638671875 0.028125 0.037109375
0 0.465625 0.462890625 0.021875 0.03125
0 0.825 0.46875 0.059375 0.05078125
0 0.90625 0.46875 0.06875 0.0859375
0 0.9359375 0.50390625 0.0625 0.09375
1 0.53046875 0.458984375 0.0109375 0.03515625
1 0.5453125 0.4619140625 0.0125 0.041015625
