0 0.09296875 0.5966796875 0.1859375 0.232421875
0 0.221875 0.544921875 0.13125 0.171875
0 0.30390625 0.517578125 0.0703125 0.0859375
0 0.340625 0.501953125 0.06875 0.09765625
0 0.3921875 0.482421875 0.0375 0.05859375
0 0.4859375 0.45703125 0.0375 0.046875
0 0.4765625 0.4697265625 0.046875 0.044921875
0 0.69765625 0.544921875 0.0890625 0.140625
0 0.8375 0.6298828125 0.321875 0.345703125
0 0.92578125 0.8427734375 0.1453125 0.294921875
0 0.671875 0.53125 0.065625 0.09375
0 0.63046875 0.5009765625 0.0421875 0.072265625
0 0.6234375 0.4794921875 0.05625 0.076171875
0 0.53125 0.447265625 0.03125 0.03515625
1 0.5421875 0.46484375 0.01875 0.05078125
0 0.378125 0.4912109375 0.025 0.056640625
0 0.4078125 0.4716796875 0.03125 0.044921875
0 0.4265625 0.466796875 0.025 0.04296875
0 0.5828125 0.474609375 0.03125 0.05078125
1 0.95234375 0.4306640625 0.0140625 0.037109375
1 0.93671875 0.4296875 0.0140625 0.03515625
0 0.6703125 0.4404296875 0.05625 0.029296875
