2 0.6375 0.533203125 0.028125 0.08984375
1 0.63671875 0.478515625 0.0484375 0.13671875
0 0.40078125 0.4716796875 0.0609375 0.072265625
0 0.32890625 0.4658203125 0.0546875 0.072265625
0 0.29453125 0.4814453125 0.0453125 0.068359375
0 0.26875 0.482421875 0.03125 0.0703125
0 0.2234375 0.4951171875 0.084375 0.076171875
1 0.1734375 0.486328125 0.021875 0.08203125
1 0.1546875 0.4814453125 0.021875 0.087890625
1 0.13828125 0.4873046875 0.0234375 0.083984375
0 0.53984375 0.46875 0.0265625 0.03125
0 0.49609375 0.46875 0.0234375 0.0234375
0 0.596875 0.484375 0.046875 0.0625
0 0.69765625 0.4951171875 0.0828125 0.095703125
0 0.79453125 0.529296875 0.1984375 0.15234375
0 0.93515625 0.54296875 0.1234375 0.28125
0 0.45703125 0.46875 0.0234375 0.0234375
