0 0.809375 0.4638671875 0.0625 0.076171875
0 0.8328125 0.46875 0.021875 0.06640625
0 0.92578125 0.447265625 0.1453125 0.13671875
0 0.95 0.4873046875 0.09375 0.123046875
1 0.44453125 0.4794921875 0.0296875 0.076171875
1 0.46484375 0.474609375 0.0296875 0.08984375
1 0.61796875 0.4638671875 0.0234375 0.083984375
0 0.646875 0.44921875 0.025 0.03515625
1 0.5953125 0.4638671875 0.021875 0.068359375
1 0.67578125 0.4287109375 0.0234375 0.025390625
1 0.37890625 0.462890625 0.0140625 0.03125
1 0.16875 0.482421875 0.01875 0.0390625
1 0.128125 0.4912109375 0.01875 0.037109375
0 0.7265625 0.447265625 0.040625 0.0390625
