1 0.4328125 0.462890625 0.021875 0.046875
0 0.95859375 0.7919921875 0.0796875 0.255859375
0 0.86171875 0.6171875 0.2703125 0.24609375
0 0.71796875 0.55078125 0.1515625 0.16015625
0 0.653125 0.525390625 0.05625 0.08984375
0 0.646875 0.49609375 0.075 0.0859375
0 0.228125 0.4697265625 0.11875 0.068359375
0 0.13125 0.5 0.178125 0.08203125
0 0.5078125 0.4443359375 0.028125 0.029296875
0 0.03359375 0.4814453125 0.0671875 0.076171875
0 0.36640625 0.4619140625 0.0359375 0.044921875
0 0.60234375 0.474609375 0.0484375 0.0625
0 0.57890625 0.47265625 0.0265625 0.0546875
