0 0.81484375 0.462890625 0.0546875 0.078125
0 0.9234375 0.447265625 0.140625 0.13671875
1 0.65703125 0.46484375 0.0265625 0.078125
1 0.63125 0.4638671875 0.025 0.083984375
1 0.16953125 0.4794921875 0.0203125 0.044921875
1 0.1140625 0.48828125 0.01875 0.046875
1 0.5515625 0.4580078125 0.01875 0.044921875
0 0.94609375 0.4931640625 0.0828125 0.103515625
1 0.57421875 0.458984375 0.0140625 0.05078125
1 0.59140625 0.4541015625 0.0203125 0.052734375
1 0.3640625 0.462890625 0.009375 0.02734375
1 0.38046875 0.4609375 0.0109375 0.03125
0 0.72734375 0.4619140625 0.0359375 0.052734375
1 0.1265625 0.4912109375 0.01875 0.029296875
