0 0.16015625 0.4970703125 0.1828125 0.146484375
0 0.4421875 0.4716796875 0.06875 0.080078125
0 0.36015625 0.470703125 0.0421875 0.04296875
0 0.3203125 0.46875 0.034375 0.04296875
0 0.28203125 0.4658203125 0.0421875 0.044921875
2 0.87109375 0.4970703125 0.0671875 0.044921875
1 0.87421875 0.4462890625 0.0453125 0.064453125
0 0.4046875 0.4619140625 0.015625 0.017578125
0 0.38984375 0.4677734375 0.0171875 0.021484375
1 0.06328125 0.46484375 0.0234375 0.0546875
0 0.2515625 0.46484375 0.028125 0.0234375
