2 0.26953125 0.4912109375 0.0421875 0.044921875
2 0.18515625 0.4677734375 0.0421875 0.068359375
2 0.23046875 0.470703125 0.0328125 0.0625
2 0.0359375 0.5029296875 0.0625 0.087890625
2 0.296875 0.5068359375 0.03125 0.068359375
1 0.3015625 0.4755859375 0.034375 0.107421875
1 0.04609375 0.44921875 0.0359375 0.10546875
1 0.01875 0.451171875 0.0375 0.11328125
1 0.47890625 0.458984375 0.0234375 0.06640625
1 0.50234375 0.4609375 0.0296875 0.07421875
1 0.9078125 0.486328125 0.0375 0.09375
1 0.93984375 0.439453125 0.0328125 0.05078125
0 0.9125 0.623046875 0.171875 0.3515625
0 0.78125 0.5625 0.209375 0.20703125
1 0.93828125 0.4951171875 0.0296875 0.091796875
1 0.784375 0.4482421875 0.025 0.029296875
1 0.73515625 0.4443359375 0.0203125 0.037109375
0 0.5515625 0.451171875 0.021875 0.0234375
1 0.5984375 0.4521484375 0.015625 0.048828125
