2 0.11875 0.6748046875 0.14375 0.212890625
1 0.11953125 0.55078125 0.1328125 0.30859375
1 0.3359375 0.50390625 0.071875 0.1953125
1 0.775 0.48828125 0.059375 0.21484375
1 0.834375 0.4873046875 0.053125 0.208984375
0 0.92421875 0.4482421875 0.1453125 0.150390625
0 0.9515625 0.4814453125 0.09375 0.126953125
1 0.16796875 0.4814453125 0.0171875 0.041015625
1 0.3640625 0.4658203125 0.0125 0.025390625
1 0.3828125 0.4609375 0.0125 0.02734375
1 0.5515625 0.4599609375 0.01875 0.044921875
1 0.66875 0.435546875 0.01875 0.0390625
0 0.64609375 0.4501953125 0.0265625 0.033203125
0 0.92109375 0.3740234375 0.1421875 0.060546875
0 0.80546875 0.462890625 0.0328125 0.0625
1 0.6328125 0.4599609375 0.01875 0.060546875
1 0.61796875 0.4609375 0.0234375 0.0625
1 0.603125 0.45703125 0.021875 0.05859375
0 0.73046875 0.45703125 0.0359375 0.04296875
