1 0.84765625 0.57421875 0.0765625 0.2734375
1 0.7421875 0.5244140625 0.046875 0.193359375
1 0.34609375 0.4453125 0.0265625 0.06640625
1 0.325 0.4482421875 0.021875 0.064453125
0 0.9515625 0.5166015625 0.09375 0.134765625
0 0.92890625 0.490234375 0.1171875 0.11328125
0 0.67421875 0.47265625 0.0453125 0.05078125
1 0.625 0.453125 0.01875 0.046875
0 0.38515625 0.458984375 0.0578125 0.06640625
0 0.425 0.455078125 0.040625 0.05078125
0 0.27421875 0.4853515625 0.0921875 0.123046875
0 0.19375 0.50390625 0.121875 0.171875
0 0.08359375 0.529296875 0.1671875 0.23828125
0 0.44140625 0.44140625 0.0296875 0.046875
0 0.47734375 0.435546875 0.0203125 0.02734375
0 0.575 0.451171875 0.034375 0.0390625
0 0.64375 0.45703125 0.028125 0.04296875
0 0.79609375 0.486328125 0.0796875 0.0859375
