0 0.97734375 0.44140625 0.0421875 0.09765625
0 0.94921875 0.45703125 0.0203125 0.04296875
0 0.9171875 0.4541015625 0.046875 0.052734375
1 0.87421875 0.4560546875 0.0234375 0.091796875
0 0.84453125 0.4560546875 0.0328125 0.052734375
0 0.78828125 0.447265625 0.0671875 0.0625
1 0.69375 0.443359375 0.01875 0.05859375
1 0.66875 0.4541015625 0.01875 0.056640625
1 0.653125 0.4296875 0.01875 0.04296875
1 0.640625 0.431640625 0.01875 0.03515625
1 0.6234375 0.427734375 0.01875 0.046875
1 0.609375 0.431640625 0.0125 0.04296875
1 0.59609375 0.4365234375 0.0109375 0.025390625
1 0.58125 0.4306640625 0.01875 0.037109375
1 0.5609375 0.4365234375 0.01875 0.041015625
0 0.5046875 0.4482421875 0.03125 0.025390625
1 0.36953125 0.453125 0.0140625 0.0234375
1 0.36015625 0.451171875 0.0109375 0.02734375
1 0.34765625 0.44921875 0.0078125 0.02734375
1 0.34140625 0.44921875 0.0078125 0.02734375
1 0.3328125 0.4443359375 0.009375 0.025390625
0 0.2671875 0.5068359375 0.15625 0.138671875
