1 0.21015625 0.5205078125 0.0359375 0.099609375
0 0.15390625 0.4921875 0.0984375 0.06640625
0 0.603125 0.4931640625 0.0625 0.060546875
0 0.71484375 0.544921875 0.1734375 0.15234375
0 0.83046875 0.6923828125 0.3359375 0.337890625
0 0.95 0.8603515625 0.096875 0.271484375
0 0.0546875 0.48828125 0.109375 0.1328125
0 0.209375 0.474609375 0.075 0.06640625
0 0.275 0.4677734375 0.03125 0.044921875
0 0.321875 0.474609375 0.065625 0.04296875
0 0.5578125 0.474609375 0.028125 0.0546875
0 0.43828125 0.458984375 0.0234375 0.02734375
0 0.496875 0.4462890625 0.025 0.025390625
