2 0.18828125 0.548828125 0.0609375 0.1171875
2 0.23984375 0.5625 0.0671875 0.12890625
1 0.19453125 0.48828125 0.0546875 0.16015625
1 0.25390625 0.4892578125 0.0671875 0.193359375
0 0.103125 0.48046875 0.146875 0.16015625
0 0.6375 0.4833984375 0.08125 0.083984375
0 0.3046875 0.474609375 0.028125 0.06640625
0 0.3296875 0.4697265625 0.04375 0.056640625
0 0.3578125 0.4638671875 0.046875 0.068359375
0 0.3890625 0.46484375 0.034375 0.046875
0 0.434375 0.4560546875 0.034375 0.037109375
1 0.49375 0.453125 0.01875 0.03515625
2 0.7953125 0.5849609375 0.046875 0.091796875
