0 0.978125 0.630859375 0.040625 0.2265625
0 0.86171875 0.54296875 0.2734375 0.22265625
0 0.53046875 0.466796875 0.0609375 0.0703125
0 0.2609375 0.4794921875 0.059375 0.052734375
0 0.49375 0.4638671875 0.025 0.048828125
0 0.37734375 0.46484375 0.0171875 0.0234375
2 0.103125 0.513671875 0.08125 0.046875
0 0.4765625 0.4638671875 0.021875 0.029296875
0 0.459375 0.4609375 0.01875 0.02734375
0 0.43984375 0.462890625 0.0140625 0.01953125
0 0.39296875 0.4638671875 0.0171875 0.021484375
0 0.35 0.4658203125 0.0375 0.033203125
0 0.3125 0.4697265625 0.040625 0.052734375
0 0.2125 0.470703125 0.028125 0.04296875
0 0.18125 0.4619140625 0.021875 0.041015625
0 0.1625 0.4599609375 0.021875 0.041015625
0 0.1390625 0.458984375 0.028125 0.0390625
1 0.09609375 0.4609375 0.0421875 0.06640625
