0 0.92109375 0.5947265625 0.1546875 0.310546875
0 0.54921875 0.44921875 0.0828125 0.0703125
0 0.6546875 0.4560546875 0.071875 0.060546875
0 0.4703125 0.4599609375 0.053125 0.064453125
1 0.5046875 0.4638671875 0.046875 0.095703125
0 0.16484375 0.486328125 0.0984375 0.109375
0 0.08671875 0.5009765625 0.1703125 0.177734375
1 0.29921875 0.4619140625 0.0515625 0.103515625
1 0.25546875 0.46875 0.0515625 0.1015625
1 0.409375 0.4619140625 0.0375 0.099609375
1 0.38125 0.447265625 0.025 0.0703125
1 0.36484375 0.46484375 0.0421875 0.1015625
1 0.3453125 0.4443359375 0.021875 0.060546875
