1 0.13046875 0.47265625 0.0546875 0.125
0 0.26171875 0.466796875 0.0921875 0.05859375
0 0.5375 0.4609375 0.03125 0.05078125
0 0.54140625 0.470703125 0.0296875 0.05078125
0 0.57734375 0.4794921875 0.0703125 0.068359375
1 0.77578125 0.4599609375 0.0265625 0.072265625
1 0.72421875 0.4599609375 0.0234375 0.076171875
1 0.9859375 0.4443359375 0.021875 0.037109375
1 0.16640625 0.4423828125 0.0171875 0.048828125
1 0.0796875 0.4375 0.021875 0.0390625
1 0.05625 0.4306640625 0.025 0.041015625
1 0.0375 0.439453125 0.021875 0.03125
0 0.51640625 0.4501953125 0.0203125 0.025390625
0 0.19453125 0.4638671875 0.0234375 0.029296875
