1 0.90859375 0.51171875 0.0140625 0.10546875
1 0.8890625 0.4921875 0.03125 0.140625
1 0.86328125 0.494140625 0.0203125 0.12890625
1 0.8265625 0.4970703125 0.025 0.119140625
1 0.796875 0.5048828125 0.025 0.091796875
1 0.70625 0.4873046875 0.01875 0.060546875
1 0.6765625 0.4873046875 0.021875 0.087890625
1 0.6609375 0.4912109375 0.0125 0.060546875
1 0.64921875 0.4912109375 0.0140625 0.048828125
1 0.6359375 0.4951171875 0.015625 0.041015625
1 0.61796875 0.490234375 0.0140625 0.046875
1 0.5953125 0.4853515625 0.015625 0.048828125
0 0.48359375 0.52734375 0.1734375 0.171875
0 0.390625 0.4951171875 0.015625 0.021484375
