0 0.8734375 0.4462890625 0.03125 0.029296875
0 0.8109375 0.44921875 0.028125 0.03125
0 0.7078125 0.453125 0.028125 0.0390625
0 0.6609375 0.453125 0.065625 0.0546875
0 0.4640625 0.4462890625 0.028125 0.025390625
1 0.4265625 0.478515625 0.0375 0.14453125
0 0.27734375 0.451171875 0.0609375 0.0546875
0 0.22421875 0.4541015625 0.1046875 0.044921875
0 0.11015625 0.4482421875 0.1453125 0.068359375
0 0.0375 0.4609375 0.075 0.04296875
0 0.7765625 0.447265625 0.040625 0.0390625
0 0.7359375 0.453125 0.028125 0.0390625
