1 0.775 0.50390625 0.040625 0.1328125
1 0.70625 0.5087890625 0.0375 0.146484375
1 0.34453125 0.47265625 0.0296875 0.08984375
1 0.3078125 0.47265625 0.034375 0.078125
2 0.34609375 0.49609375 0.0234375 0.0546875
2 0.30703125 0.49609375 0.0234375 0.046875
0 0.15234375 0.498046875 0.0921875 0.1171875
0 0.24375 0.486328125 0.084375 0.078125
0 0.89765625 0.5341796875 0.2015625 0.216796875
0 0.0734375 0.5107421875 0.1375 0.173828125
1 0.40390625 0.4560546875 0.0140625 0.041015625
1 0.41484375 0.453125 0.0109375 0.03515625
0 0.4546875 0.4541015625 0.028125 0.029296875
1 0.4828125 0.4501953125 0.015625 0.029296875
1 0.4953125 0.451171875 0.015625 0.03125
0 0.66328125 0.474609375 0.0515625 0.07421875
0 0.6125 0.484375 0.021875 0.0390625
0 0.6046875 0.451171875 0.03125 0.046875
0 0.57109375 0.4521484375 0.0265625 0.029296875
0 0.74296875 0.494140625 0.0453125 0.078125
