0 0.69609375 0.4541015625 0.0546875 0.064453125
0 0.91796875 0.4765625 0.0609375 0.1015625
0 0.8109375 0.4716796875 0.065625 0.083984375
0 0.4515625 0.45703125 0.0625 0.05859375
0 0.5125 0.447265625 0.04375 0.04296875
0 0.20390625 0.4521484375 0.1109375 0.099609375
0 0.0890625 0.4326171875 0.11875 0.029296875
2 0.40078125 0.6103515625 0.1328125 0.080078125
1 0.40625 0.5361328125 0.0625 0.146484375
0 0.54765625 0.4375 0.0421875 0.0390625
0 0.5734375 0.4345703125 0.01875 0.033203125
0 0.5984375 0.4306640625 0.021875 0.033203125
0 0.634375 0.4228515625 0.025 0.025390625
