0 0.88203125 0.568359375 0.2328125 0.24609375
0 0.6953125 0.505859375 0.171875 0.15234375
0 0.628125 0.4814453125 0.115625 0.130859375
0 0.575 0.48828125 0.03125 0.078125
0 0.55234375 0.486328125 0.0359375 0.0625
2 0.221875 0.509765625 0.028125 0.05078125
0 0.0078125 0.5380859375 0.015625 0.111328125
0 0.04921875 0.5224609375 0.0984375 0.115234375
0 0.0640625 0.4697265625 0.128125 0.072265625
0 0.4953125 0.4619140625 0.040625 0.044921875
0 0.4734375 0.4619140625 0.015625 0.037109375
0 0.4609375 0.4619140625 0.01875 0.029296875
0 0.44921875 0.46484375 0.0203125 0.0234375
0 0.43515625 0.4609375 0.0203125 0.0234375
0 0.3953125 0.4609375 0.021875 0.0234375
0 0.3765625 0.4658203125 0.021875 0.025390625
0 0.35625 0.4638671875 0.021875 0.029296875
0 0.32578125 0.466796875 0.0453125 0.0390625
1 0.2234375 0.4599609375 0.03125 0.056640625
