0 0.2609375 0.48046875 0.090625 0.09375
0 0.33125 0.47265625 0.025 0.05078125
0 0.34609375 0.46484375 0.0421875 0.0546875
0 0.43359375 0.458984375 0.0359375 0.046875
0 0.47265625 0.470703125 0.0671875 0.05859375
0 0.5734375 0.4892578125 0.078125 0.087890625
0 0.63515625 0.4755859375 0.0359375 0.060546875
0 0.82734375 0.4892578125 0.1109375 0.083984375
0 0.709375 0.4921875 0.090625 0.1015625
1 0.76484375 0.505859375 0.0453125 0.14453125
0 0.37734375 0.46484375 0.0296875 0.0390625
0 0.396875 0.4599609375 0.01875 0.029296875
0 0.51015625 0.45703125 0.0296875 0.03125
0 0.30859375 0.4765625 0.0265625 0.06640625
