1 0.08203125 0.4296875 0.0234375 0.078125
1 0.12734375 0.4296875 0.0203125 0.07421875
1 0.871875 0.421875 0.040625 0.09375
1 0.91328125 0.4208984375 0.0421875 0.115234375
1 0.953125 0.42578125 0.04375 0.1171875
0 0.78515625 0.5947265625 0.4265625 0.255859375
0 0.628125 0.44921875 0.078125 0.08984375
0 0.46796875 0.4326171875 0.0671875 0.068359375
0 0.26015625 0.4375 0.0765625 0.078125
0 0.17421875 0.4267578125 0.0859375 0.091796875
0 0.81484375 0.416015625 0.0484375 0.0703125
0 0.7453125 0.4169921875 0.059375 0.068359375
1 0.70625 0.3916015625 0.01875 0.033203125
0 0.43359375 0.41796875 0.0328125 0.0546875
0 0.4015625 0.40625 0.025 0.0390625
0 0.7171875 0.4326171875 0.09375 0.052734375
