1 0.0234375 0.521484375 0.04375 0.1484375
1 0.04453125 0.4970703125 0.0296875 0.103515625
1 0.0765625 0.513671875 0.0375 0.1328125
1 0.3875 0.544921875 0.05 0.203125
1 0.61875 0.5576171875 0.075 0.201171875
0 0.31328125 0.4892578125 0.0859375 0.083984375
0 0.58359375 0.4697265625 0.0515625 0.072265625
0 0.45234375 0.4501953125 0.0296875 0.033203125
0 0.41484375 0.4609375 0.0234375 0.03515625
0 0.6140625 0.4462890625 0.046875 0.056640625
0 0.5546875 0.466796875 0.025 0.05078125
0 0.53515625 0.453125 0.0234375 0.02734375
2 0.38515625 0.6103515625 0.0359375 0.119140625
