0 0.84921875 0.5390625 0.2984375 0.28515625
1 0.66640625 0.46484375 0.0203125 0.0703125
1 0.646875 0.4658203125 0.01875 0.044921875
1 0.60078125 0.4619140625 0.0203125 0.060546875
0 0.565625 0.4716796875 0.046875 0.056640625
0 0.5328125 0.46484375 0.021875 0.04296875
0 0.46953125 0.447265625 0.0203125 0.0234375
0 0.4359375 0.4482421875 0.01875 0.029296875
0 0.45234375 0.4609375 0.0265625 0.03515625
0 0.3984375 0.4697265625 0.034375 0.041015625
0 0.365625 0.4765625 0.03125 0.0546875
0 0.31640625 0.482421875 0.0671875 0.08203125
1 0.16875 0.474609375 0.01875 0.07421875
