1 0.9546875 0.5126953125 0.0625 0.181640625
1 0.365625 0.470703125 0.025 0.0703125
0 0.88671875 0.49609375 0.0859375 0.05859375
0 0.8203125 0.5 0.1 0.05078125
0 0.7140625 0.4921875 0.125 0.0625
0 0.6890625 0.4716796875 0.090625 0.072265625
0 0.596875 0.4677734375 0.0375 0.052734375
0 0.33984375 0.4541015625 0.0296875 0.037109375
0 0.29140625 0.462890625 0.0265625 0.02734375
0 0.1171875 0.466796875 0.0375 0.05078125
0 0.06328125 0.466796875 0.0359375 0.0546875
0 0.1875 0.4599609375 0.025 0.037109375
0 0.16484375 0.4560546875 0.0296875 0.037109375
0 0.90546875 0.517578125 0.0546875 0.0390625
