0 0.0390625 0.470703125 0.071875 0.05859375
0 0.10546875 0.48046875 0.0953125 0.06640625
0 0.20625 0.4951171875 0.10625 0.068359375
1 0.228125 0.4443359375 0.03125 0.033203125
1 0.34296875 0.4755859375 0.0296875 0.083984375
1 0.3140625 0.462890625 0.028125 0.06640625
1 0.5953125 0.560546875 0.053125 0.171875
2 0.95 0.5419921875 0.075 0.091796875
2 0.90625 0.5390625 0.0625 0.078125
2 0.33125 0.521484375 0.0375 0.07421875
1 0.92734375 0.46484375 0.0234375 0.0625
2 0.3 0.537109375 0.021875 0.05078125
1 0.4109375 0.47265625 0.025 0.08203125
