0 0.08984375 0.552734375 0.1796875 0.2109375
0 0.19140625 0.509765625 0.1390625 0.16015625
0 0.275 0.5029296875 0.053125 0.095703125
0 0.3125 0.48046875 0.08125 0.10546875
0 0.3734375 0.478515625 0.05625 0.05859375
0 0.7765625 0.494140625 0.075 0.078125
0 0.85625 0.513671875 0.1125 0.109375
0 0.93125 0.51953125 0.134375 0.14453125
0 0.6390625 0.494140625 0.084375 0.08984375
0 0.59609375 0.4755859375 0.0359375 0.056640625
0 0.45546875 0.4580078125 0.0359375 0.037109375
0 0.4046875 0.4755859375 0.025 0.044921875
0 0.415625 0.4677734375 0.021875 0.037109375
0 0.428125 0.4658203125 0.021875 0.041015625
0 0.5515625 0.4609375 0.025 0.0234375
0 0.6875 0.4833984375 0.040625 0.056640625
0 0.48046875 0.458984375 0.0234375 0.0234375
