1 0.64375 0.4287109375 0.0125 0.048828125
1 0.61796875 0.4267578125 0.0109375 0.044921875
1 0.60859375 0.42578125 0.0109375 0.03515625
1 0.559375 0.4443359375 0.01875 0.076171875
1 0.5265625 0.4375 0.015625 0.05859375
1 0.50234375 0.43359375 0.0203125 0.05859375
0 0.46484375 0.43359375 0.0265625 0.03125
1 0.421875 0.4384765625 0.015625 0.052734375
1 0.1234375 0.451171875 0.0125 0.07421875
1 0.1109375 0.4521484375 0.015625 0.076171875
1 0.0984375 0.4482421875 0.0125 0.076171875
1 0.06875 0.4482421875 0.0125 0.072265625
1 0.05 0.42578125 0.015625 0.03125
