0 0.09375 0.4990234375 0.13125 0.099609375
0 0.065625 0.615234375 0.128125 0.21484375
0 0.2234375 0.5322265625 0.14375 0.119140625
0 0.29765625 0.5068359375 0.1015625 0.095703125
0 0.35859375 0.4755859375 0.0703125 0.083984375
0 0.61640625 0.5048828125 0.0578125 0.087890625
0 0.6359375 0.529296875 0.065625 0.109375
0 0.7109375 0.546875 0.171875 0.17578125
0 0.80625 0.62890625 0.2625 0.23828125
1 0.45078125 0.4541015625 0.0203125 0.033203125
0 0.403125 0.46875 0.025 0.04296875
0 0.4171875 0.462890625 0.028125 0.046875
0 0.43203125 0.4580078125 0.0265625 0.044921875
0 0.584375 0.48046875 0.040625 0.0390625
