0 0.35390625 0.498046875 0.0484375 0.06640625
0 0.27578125 0.4892578125 0.1171875 0.123046875
0 0.47890625 0.509765625 0.1734375 0.171875
0 0.37890625 0.484375 0.0234375 0.04296875
1 0.84453125 0.482421875 0.0328125 0.1171875
1 0.875 0.4462890625 0.021875 0.064453125
1 0.89921875 0.47265625 0.0328125 0.12890625
1 0.79296875 0.4716796875 0.0265625 0.076171875
1 0.7734375 0.474609375 0.028125 0.078125
1 0.203125 0.4892578125 0.025 0.095703125
1 0.03203125 0.4853515625 0.0328125 0.083984375
2 0.0296875 0.5263671875 0.046875 0.044921875
