0 0.91171875 0.5400390625 0.1703125 0.158203125
0 0.825 0.48046875 0.071875 0.0703125
0 0.71328125 0.466796875 0.0515625 0.0390625
0 0.6765625 0.4697265625 0.01875 0.041015625
0 0.646875 0.482421875 0.04375 0.04296875
0 0.6109375 0.4775390625 0.028125 0.044921875
0 0.5859375 0.48046875 0.028125 0.0390625
0 0.56171875 0.4833984375 0.0265625 0.041015625
1 0.440625 0.4697265625 0.028125 0.044921875
2 0.44140625 0.509765625 0.0171875 0.03515625
1 0.40078125 0.48046875 0.0171875 0.06640625
1 0.025 0.4892578125 0.03125 0.115234375
0 0.978125 0.580078125 0.040625 0.140625
