1 0.78828125 0.53515625 0.0359375 0.1640625
0 0.553125 0.5537109375 0.103125 0.095703125
0 0.465625 0.5205078125 0.04375 0.052734375
0 0.4421875 0.513671875 0.021875 0.03125
0 0.42578125 0.509765625 0.0234375 0.0234375
0 0.396875 0.5107421875 0.01875 0.025390625
0 0.340625 0.521484375 0.053125 0.0703125
0 0.33828125 0.529296875 0.0328125 0.04296875
0 0.31953125 0.5361328125 0.0421875 0.052734375
0 0.2234375 0.515625 0.040625 0.03125
0 0.271875 0.54296875 0.071875 0.08203125
0 0.16328125 0.5712890625 0.1703125 0.130859375
0 0.11875 0.548828125 0.109375 0.1171875
