1 0.6015625 0.48828125 0.034375 0.1328125
1 0.57578125 0.4892578125 0.0328125 0.134765625
1 0.40625 0.482421875 0.04375 0.06640625
1 0.35546875 0.48046875 0.0359375 0.08203125
1 0.3296875 0.4921875 0.03125 0.09765625
1 0.2984375 0.4794921875 0.040625 0.068359375
1 0.2453125 0.4697265625 0.0375 0.130859375
1 0.20546875 0.484375 0.0296875 0.0859375
1 0.18046875 0.474609375 0.0359375 0.12109375
1 0.1515625 0.47265625 0.034375 0.12109375
1 0.02734375 0.458984375 0.0234375 0.0546875
1 0.11171875 0.462890625 0.0234375 0.06640625
1 0.0921875 0.462890625 0.01875 0.0625
1 0.52890625 0.44921875 0.0265625 0.046875
1 0.50546875 0.451171875 0.0265625 0.0546875
1 0.484375 0.455078125 0.01875 0.0546875
