1 0.9515625 0.490234375 0.046875 0.12890625
1 0.8984375 0.49609375 0.0375 0.12109375
1 0.8578125 0.4658203125 0.028125 0.107421875
1 0.0515625 0.4716796875 0.021875 0.060546875
1 0.06953125 0.46484375 0.0265625 0.05859375
1 0.528125 0.46875 0.021875 0.0546875
0 0.38046875 0.4755859375 0.0296875 0.037109375
0 0.4109375 0.4716796875 0.025 0.033203125
0 0.446875 0.478515625 0.046875 0.05859375
1 0.15078125 0.47265625 0.0234375 0.046875
1 0.16328125 0.4765625 0.0203125 0.0546875
1 0.0203125 0.46875 0.021875 0.07421875
