0 0.134375 0.5361328125 0.20625 0.166015625
0 0.24765625 0.5107421875 0.0984375 0.107421875
0 0.32421875 0.4951171875 0.0796875 0.076171875
0 0.38359375 0.484375 0.0546875 0.05859375
0 0.73671875 0.529296875 0.1734375 0.1640625
0 0.84921875 0.5927734375 0.2703125 0.248046875
0 0.9390625 0.728515625 0.1125 0.23828125
0 0.64453125 0.5 0.0515625 0.0859375
1 0.55625 0.4609375 0.01875 0.0390625
1 0.446875 0.46484375 0.01875 0.05859375
0 0.60390625 0.4853515625 0.0328125 0.056640625
0 0.5921875 0.4716796875 0.0375 0.052734375
0 0.409375 0.466796875 0.040625 0.0546875
0 0.4703125 0.4560546875 0.021875 0.029296875
0 0.58046875 0.466796875 0.0328125 0.04296875
0 0.4890625 0.455078125 0.01875 0.0234375
