0 0.89453125 0.716796875 0.2046875 0.31640625
0 0.78359375 0.578125 0.2046875 0.18359375
0 0.68046875 0.5390625 0.1046875 0.1171875
0 0.63203125 0.4912109375 0.0703125 0.072265625
0 0.5046875 0.4462890625 0.028125 0.025390625
0 0.18125 0.4951171875 0.146875 0.068359375
1 0.43671875 0.4609375 0.0203125 0.046875
0 0.04296875 0.4833984375 0.0828125 0.072265625
0 0.25234375 0.47265625 0.0984375 0.05859375
0 0.37109375 0.4609375 0.0296875 0.046875
0 0.59765625 0.4736328125 0.0484375 0.064453125
0 0.575 0.47265625 0.025 0.0546875
0 0.09140625 0.47265625 0.0734375 0.05859375
