0 0.9328125 0.76953125 0.125 0.18359375
0 0.9484375 0.5283203125 0.096875 0.103515625
1 0.7390625 0.5234375 0.040625 0.0859375
1 0.6875 0.513671875 0.034375 0.09375
3 0.66328125 0.546875 0.0265625 0.03515625
0 0.44921875 0.4990234375 0.0578125 0.076171875
0 0.434375 0.486328125 0.053125 0.05859375
0 0.19921875 0.486328125 0.0609375 0.0625
0 0.2265625 0.4697265625 0.034375 0.056640625
0 0.134375 0.4580078125 0.03125 0.052734375
0 0.115625 0.46484375 0.040625 0.05859375
0 0.05859375 0.46484375 0.0578125 0.07421875
0 0.05546875 0.615234375 0.1046875 0.234375
1 0.2671875 0.458984375 0.01875 0.04296875
1 0.284375 0.458984375 0.01875 0.04296875
