0 0.81015625 0.458984375 0.0515625 0.0859375
0 0.925 0.451171875 0.146875 0.14453125
0 0.95078125 0.482421875 0.0953125 0.12890625
1 0.73359375 0.494140625 0.0359375 0.15625
1 0.765625 0.474609375 0.040625 0.1953125
1 0.375 0.4638671875 0.0125 0.029296875
1 0.16875 0.4853515625 0.01875 0.052734375
1 0.5484375 0.4609375 0.015625 0.046875
0 0.64453125 0.447265625 0.0234375 0.03125
1 0.56953125 0.458984375 0.0234375 0.0546875
1 0.12734375 0.4873046875 0.0203125 0.033203125
1 0.1125 0.4892578125 0.021875 0.052734375
