0 0.12734375 0.5634765625 0.2515625 0.166015625
1 0.1734375 0.4716796875 0.0375 0.037109375
1 0.20703125 0.466796875 0.0359375 0.05078125
0 0.25 0.509765625 0.059375 0.05859375
0 0.30546875 0.5068359375 0.0515625 0.041015625
0 0.5234375 0.5478515625 0.0875 0.087890625
0 0.48203125 0.5234375 0.0515625 0.06640625
0 0.84375 0.5546875 0.30625 0.0546875
0 0.8828125 0.5224609375 0.1375 0.072265625
0 0.34140625 0.5048828125 0.0234375 0.033203125
1 0.36328125 0.505859375 0.0109375 0.03515625
1 0.375 0.505859375 0.009375 0.0390625
1 0.3859375 0.505859375 0.015625 0.03515625
0 0.4109375 0.5107421875 0.025 0.029296875
1 0.4359375 0.5107421875 0.015625 0.037109375
0 0.465625 0.5126953125 0.034375 0.052734375
0 0.7609375 0.6123046875 0.140625 0.064453125
