1 0.6484375 0.4619140625 0.01875 0.076171875
1 0.6640625 0.46484375 0.01875 0.09375
0 0.8109375 0.4677734375 0.05625 0.076171875
0 0.92578125 0.44921875 0.1421875 0.140625
0 0.953125 0.4873046875 0.090625 0.119140625
1 0.5484375 0.45703125 0.01875 0.04296875
1 0.5828125 0.4619140625 0.01875 0.052734375
1 0.60078125 0.45703125 0.0203125 0.0546875
1 0.6140625 0.466796875 0.01875 0.06640625
1 0.62890625 0.4462890625 0.0203125 0.056640625
1 0.16953125 0.4794921875 0.0203125 0.041015625
1 0.12890625 0.4853515625 0.0203125 0.033203125
1 0.1125 0.48828125 0.01875 0.05078125
1 0.36328125 0.4658203125 0.0109375 0.025390625
1 0.36875 0.4609375 0.009375 0.02734375
1 0.38046875 0.4599609375 0.0109375 0.029296875
1 0.68125 0.474609375 0.021875 0.078125
