0 0.20625 0.42578125 0.046875 0.09375
0 0.31171875 0.416015625 0.1546875 0.0859375
2 0.60390625 0.46875 0.0421875 0.05078125
1 0.5984375 0.439453125 0.034375 0.07421875
1 0.5328125 0.4443359375 0.0375 0.087890625
2 0.5359375 0.4755859375 0.040625 0.052734375
1 0.49765625 0.4267578125 0.0421875 0.083984375
2 0.4984375 0.4736328125 0.0375 0.056640625
2 0.4328125 0.478515625 0.0375 0.0859375
1 0.43046875 0.4296875 0.0421875 0.09375
1 0.390625 0.4541015625 0.0375 0.060546875
2 0.39453125 0.494140625 0.0359375 0.046875
2 0.34375 0.4990234375 0.05625 0.056640625
1 0.346875 0.453125 0.040625 0.08203125
1 0.28828125 0.453125 0.0484375 0.08984375
2 0.28671875 0.4912109375 0.0453125 0.083984375
2 0.19765625 0.4931640625 0.0859375 0.076171875
1 0.1859375 0.44921875 0.0625 0.125
