1 0.6734375 0.48828125 0.04375 0.14453125
1 0.54296875 0.4931640625 0.0484375 0.087890625
1 0.4875 0.490234375 0.05 0.08984375
1 0.44921875 0.4873046875 0.0328125 0.083984375
1 0.41640625 0.4892578125 0.0546875 0.091796875
1 0.36875 0.4853515625 0.046875 0.162109375
1 0.74921875 0.4931640625 0.0453125 0.162109375
1 0.78125 0.4912109375 0.034375 0.166015625
1 0.83984375 0.5107421875 0.0421875 0.107421875
1 0.31484375 0.4931640625 0.0234375 0.072265625
1 0.13671875 0.48046875 0.0359375 0.08984375
1 0.2015625 0.46875 0.028125 0.07421875
