0 0.1875 0.484375 0.05 0.03515625
0 0.20078125 0.4765625 0.0359375 0.0390625
1 0.53671875 0.4716796875 0.0234375 0.068359375
0 0.615625 0.48828125 0.140625 0.140625
0 0.7140625 0.5263671875 0.221875 0.173828125
0 0.884375 0.59765625 0.228125 0.359375
0 0.3359375 0.47265625 0.04375 0.03125
0 0.22890625 0.470703125 0.0421875 0.046875
0 0.5 0.4755859375 0.05625 0.068359375
0 0.3015625 0.4736328125 0.028125 0.025390625
0 0.45234375 0.4716796875 0.0234375 0.025390625
0 0.5109375 0.4814453125 0.046875 0.044921875
