1 0.33984375 0.4921875 0.0296875 0.09765625
1 0.2484375 0.46875 0.021875 0.05078125
1 0.63046875 0.451171875 0.0203125 0.046875
1 0.61484375 0.44921875 0.0203125 0.046875
0 0.87421875 0.4921875 0.2015625 0.12109375
0 0.73203125 0.58984375 0.1953125 0.19140625
0 0.85234375 0.6962890625 0.2921875 0.294921875
0 0.36171875 0.470703125 0.0296875 0.046875
0 0.09921875 0.509765625 0.1203125 0.09765625
0 0.03125 0.513671875 0.059375 0.12109375
1 0.57421875 0.4423828125 0.0203125 0.033203125
1 0.5421875 0.44140625 0.01875 0.03125
0 0.3 0.462890625 0.0375 0.046875
0 0.4453125 0.462890625 0.034375 0.03515625
0 0.42890625 0.45703125 0.0296875 0.03125
0 0.40625 0.45703125 0.021875 0.02734375
0 0.9453125 0.890625 0.103125 0.20703125
