2 0.909375 0.7158203125 0.103125 0.271484375
1 0.46640625 0.564453125 0.1078125 0.26171875
1 0.53203125 0.48046875 0.0328125 0.11328125
1 0.453125 0.4658203125 0.03125 0.064453125
1 0.42421875 0.474609375 0.0328125 0.0859375
1 0.68125 0.5595703125 0.09375 0.294921875
1 0.74375 0.5302734375 0.04375 0.228515625
1 0.78203125 0.521484375 0.0453125 0.22265625
1 0.88515625 0.6025390625 0.1453125 0.451171875
1 0.98203125 0.5439453125 0.0328125 0.302734375
0 0.346875 0.484375 0.06875 0.0703125
0 0.65 0.4716796875 0.096875 0.083984375
1 0.14453125 0.4521484375 0.0140625 0.037109375
1 0.1328125 0.451171875 0.015625 0.03125
0 0.22578125 0.4560546875 0.0203125 0.029296875
1 0.215625 0.45703125 0.01875 0.03515625
1 0.92890625 0.453125 0.0515625 0.1328125
0 0.56171875 0.4873046875 0.0234375 0.044921875
