1 0.3640625 0.4580078125 0.028125 0.037109375
1 0.40625 0.4609375 0.021875 0.04296875
1 0.4546875 0.4931640625 0.04375 0.166015625
1 0.5 0.48828125 0.04375 0.15234375
1 0.55390625 0.494140625 0.0515625 0.1328125
0 0.9265625 0.53515625 0.140625 0.22265625
0 0.859375 0.505859375 0.26875 0.2265625
0 0.66015625 0.4990234375 0.1671875 0.119140625
0 0.63125 0.4375 0.146875 0.05078125
0 0.2828125 0.4638671875 0.059375 0.052734375
0 0.10078125 0.4228515625 0.0671875 0.056640625
0 0.07578125 0.4833984375 0.1515625 0.115234375
