0 0.90546875 0.5009765625 0.1859375 0.267578125
0 0.84296875 0.482421875 0.2359375 0.1953125
0 0.71796875 0.4921875 0.0234375 0.0859375
1 0.6953125 0.490234375 0.021875 0.0859375
0 0.5765625 0.50390625 0.2375 0.30859375
0 0.43359375 0.484375 0.0546875 0.08203125
1 0.37109375 0.505859375 0.1046875 0.30078125
2 0.3421875 0.65234375 0.096875 0.203125
0 0.253125 0.48046875 0.190625 0.22265625
0 0.19921875 0.509765625 0.0828125 0.20703125
0 0.09609375 0.4921875 0.1921875 0.30859375
2 0.4203125 0.6318359375 0.046875 0.150390625
0 0.0375 0.5224609375 0.075 0.263671875
