1 0.78203125 0.5078125 0.0453125 0.1171875
1 0.7515625 0.5537109375 0.05 0.169921875
1 0.425 0.458984375 0.01875 0.04296875
0 0.9578125 0.69921875 0.08125 0.234375
0 0.88359375 0.60546875 0.2234375 0.19921875
0 0.71328125 0.5166015625 0.0765625 0.138671875
0 0.6375 0.4951171875 0.040625 0.060546875
0 0.609375 0.48046875 0.05 0.05078125
0 0.55546875 0.46875 0.0296875 0.03125
0 0.32890625 0.4609375 0.0734375 0.046875
0 0.2578125 0.447265625 0.065625 0.06640625
0 0.16328125 0.455078125 0.0984375 0.078125
0 0.2453125 0.4609375 0.04375 0.0546875
0 0.190625 0.455078125 0.084375 0.06640625
0 0.40078125 0.458984375 0.0359375 0.03515625
0 0.50078125 0.458984375 0.0234375 0.0234375
0 0.67734375 0.509765625 0.0453125 0.09375
