0 0.596875 0.498046875 0.1625 0.1484375
0 0.32421875 0.4619140625 0.0578125 0.056640625
0 0.38359375 0.46484375 0.0390625 0.046875
1 0.41328125 0.4677734375 0.0484375 0.119140625
1 0.23984375 0.4541015625 0.0203125 0.060546875
1 0.76796875 0.4423828125 0.0359375 0.072265625
1 0.66171875 0.4423828125 0.0140625 0.041015625
1 0.64609375 0.4326171875 0.0140625 0.029296875
1 0.53046875 0.4404296875 0.0171875 0.048828125
1 0.94296875 0.4208984375 0.0171875 0.025390625
2 0.425 0.4775390625 0.009375 0.029296875
2 0.9015625 0.494140625 0.046875 0.1171875
2 0.7234375 0.4814453125 0.025 0.052734375
1 0.73203125 0.451171875 0.0109375 0.01953125
1 0.4265625 0.4453125 0.015625 0.04296875
1 0.44453125 0.4462890625 0.0140625 0.037109375
0 0.46015625 0.447265625 0.0171875 0.03515625
2 0.43984375 0.4814453125 0.0109375 0.025390625
1 0.28203125 0.4560546875 0.0140625 0.048828125
2 0.95390625 0.515625 0.0484375 0.07421875
