2 0.290625 0.7109375 0.04375 0.16015625
1 0.759375 0.6005859375 0.0875 0.287109375
1 0.28515625 0.62890625 0.0921875 0.27734375
0 0.8265625 0.5869140625 0.10625 0.169921875
0 0.71015625 0.5869140625 0.0609375 0.169921875
0 0.68359375 0.5166015625 0.1046875 0.146484375
0 0.62265625 0.4814453125 0.0671875 0.076171875
0 0.41328125 0.46875 0.0484375 0.05078125
0 0.3578125 0.490234375 0.071875 0.06640625
0 0.209375 0.5068359375 0.121875 0.083984375
0 0.225 0.533203125 0.08125 0.1171875
0 0.48828125 0.45703125 0.0453125 0.03515625
0 0.44609375 0.4541015625 0.0328125 0.052734375
0 0.44140625 0.462890625 0.0265625 0.05078125
0 0.84140625 0.4951171875 0.1359375 0.076171875
