1 0.97109375 0.5390625 0.0515625 0.4140625
1 0.89765625 0.5771484375 0.1265625 0.482421875
1 0.7875 0.51171875 0.0875 0.296875
1 0.65859375 0.46484375 0.0234375 0.08203125
1 0.63671875 0.4677734375 0.0265625 0.091796875
1 0.1640625 0.4912109375 0.025 0.052734375
1 0.1234375 0.486328125 0.021875 0.03515625
1 0.37578125 0.46484375 0.0234375 0.04296875
1 0.59453125 0.4560546875 0.0203125 0.044921875
1 0.546875 0.458984375 0.01875 0.046875
1 0.55625 0.458984375 0.01875 0.05078125
1 0.615625 0.45703125 0.015625 0.05078125
