1 0.5828125 0.5146484375 0.034375 0.103515625
1 0.51640625 0.5078125 0.0328125 0.109375
2 0.58203125 0.55078125 0.0234375 0.06640625
2 0.515625 0.5400390625 0.025 0.060546875
0 0.765625 0.578125 0.190625 0.140625
0 0.6625 0.5361328125 0.0875 0.083984375
2 0.67265625 0.5673828125 0.0703125 0.076171875
0 0.07734375 0.5751953125 0.1515625 0.212890625
0 0.26796875 0.53125 0.1265625 0.09375
0 0.35 0.5078125 0.06875 0.078125
0 0.3921875 0.4990234375 0.05 0.037109375
0 0.96171875 0.6875 0.0734375 0.37890625
0 0.63515625 0.513671875 0.0734375 0.09375
0 0.41484375 0.4921875 0.0359375 0.05078125
0 0.4421875 0.4951171875 0.021875 0.037109375
0 0.4515625 0.4873046875 0.028125 0.041015625
0 0.478125 0.48828125 0.01875 0.0234375
