0 0.92734375 0.5693359375 0.1421875 0.326171875
0 0.77578125 0.5185546875 0.2453125 0.212890625
0 0.6484375 0.505859375 0.103125 0.12109375
0 0.5984375 0.49609375 0.071875 0.0859375
0 0.14609375 0.49609375 0.1140625 0.08984375
0 0.49609375 0.4736328125 0.0171875 0.029296875
0 0.33828125 0.4755859375 0.0234375 0.037109375
2 0.51015625 0.49609375 0.0453125 0.03125
1 0.515625 0.470703125 0.01875 0.03515625
0 0.4828125 0.4716796875 0.01875 0.037109375
0 0.46953125 0.46875 0.0203125 0.03125
0 0.45234375 0.46875 0.0203125 0.0234375
0 0.3875 0.470703125 0.01875 0.02734375
0 0.375 0.4716796875 0.01875 0.025390625
0 0.3546875 0.470703125 0.028125 0.03515625
0 0.3109375 0.4794921875 0.046875 0.041015625
