0 0.6125 0.4677734375 0.071875 0.076171875
0 0.9125 0.44140625 0.0875 0.02734375
0 0.84453125 0.427734375 0.0796875 0.03125
0 0.19140625 0.4326171875 0.0765625 0.064453125
0 0.484375 0.453125 0.028125 0.05859375
1 0.79765625 0.5263671875 0.0671875 0.181640625
1 0.7515625 0.5380859375 0.06875 0.166015625
1 0.56328125 0.50390625 0.0484375 0.18359375
1 0.5296875 0.5078125 0.05 0.1875
1 0.45390625 0.4794921875 0.0484375 0.154296875
1 0.43046875 0.4443359375 0.0296875 0.099609375
1 0.3953125 0.4658203125 0.04375 0.162109375
1 0.35 0.462890625 0.03125 0.140625
1 0.33046875 0.4462890625 0.0296875 0.107421875
1 0.309375 0.4814453125 0.05625 0.146484375
1 0.2609375 0.4609375 0.0375 0.1328125
0 0.71171875 0.4248046875 0.0703125 0.037109375
0 0.6859375 0.447265625 0.071875 0.04296875
2 0.43046875 0.4736328125 0.0203125 0.056640625
