0 0.81484375 0.5 0.1046875 0.08984375
0 0.9140625 0.5263671875 0.115625 0.119140625
0 0.65 0.4951171875 0.096875 0.099609375
0 0.59765625 0.47265625 0.0484375 0.0625
0 0.44296875 0.455078125 0.0421875 0.04296875
0 0.38984375 0.4716796875 0.0328125 0.056640625
0 0.35078125 0.48046875 0.0609375 0.0703125
0 0.265625 0.482421875 0.115625 0.12890625
0 0.21484375 0.509765625 0.0859375 0.12890625
0 0.09453125 0.5224609375 0.1828125 0.216796875
0 0.0234375 0.5712890625 0.034375 0.181640625
0 0.5515625 0.4560546875 0.025 0.025390625
0 0.40625 0.466796875 0.021875 0.04296875
0 0.41796875 0.4658203125 0.0203125 0.041015625
0 0.4328125 0.46484375 0.01875 0.0390625
0 0.9265625 0.474609375 0.115625 0.0546875
0 0.85546875 0.4921875 0.0734375 0.07421875
0 0.96796875 0.5458984375 0.0484375 0.158203125
0 0.703125 0.474609375 0.05 0.05859375
0 0.57109375 0.46875 0.0265625 0.0390625
0 0.475 0.4560546875 0.03125 0.029296875
