0 0.8109375 0.4638671875 0.0625 0.072265625
0 0.92578125 0.453125 0.1453125 0.15234375
0 0.95 0.4892578125 0.09375 0.119140625
1 0.70234375 0.494140625 0.0296875 0.14453125
1 0.74140625 0.4755859375 0.0515625 0.181640625
1 0.16796875 0.4833984375 0.0203125 0.052734375
1 0.55 0.45703125 0.015625 0.04296875
0 0.6453125 0.4482421875 0.025 0.033203125
1 0.3734375 0.4619140625 0.0125 0.029296875
1 0.128125 0.4912109375 0.021875 0.033203125
1 0.1125 0.49609375 0.021875 0.05859375
1 0.5890625 0.45703125 0.01875 0.0546875
