1 0.8234375 0.462890625 0.046875 0.21484375
1 0.1484375 0.4853515625 0.05625 0.208984375
2 0.28125 0.501953125 0.021875 0.05859375
1 0.071875 0.453125 0.028125 0.09765625
1 0.04375 0.44921875 0.015625 0.0859375
1 0.47109375 0.4501953125 0.0140625 0.052734375
0 0.3609375 0.451171875 0.11875 0.05078125
2 0.68046875 0.5078125 0.0671875 0.07421875
2 0.09765625 0.5 0.0421875 0.05859375
2 0.76640625 0.5146484375 0.0671875 0.091796875
2 0.54140625 0.46875 0.0234375 0.04296875
2 0.0234375 0.49609375 0.046875 0.0625
1 0.24765625 0.451171875 0.0171875 0.07421875
1 0.28046875 0.43359375 0.0296875 0.078125
2 0.58984375 0.462890625 0.0234375 0.03125
1 0.225 0.4521484375 0.009375 0.048828125
