0 0.06484375 0.607421875 0.1296875 0.22265625
0 0.14765625 0.5517578125 0.1296875 0.154296875
0 0.27890625 0.50390625 0.0984375 0.09765625
0 0.34453125 0.4775390625 0.0609375 0.060546875
0 0.759375 0.48828125 0.165625 0.0859375
0 0.91953125 0.544921875 0.1203125 0.10546875
0 0.64375 0.4560546875 0.046875 0.044921875
1 0.40546875 0.4580078125 0.0203125 0.052734375
1 0.50625 0.45703125 0.01875 0.04296875
0 0.83671875 0.4677734375 0.0671875 0.072265625
0 0.60703125 0.451171875 0.0296875 0.03125
1 0.546875 0.4501953125 0.015625 0.041015625
0 0.3328125 0.4912109375 0.034375 0.060546875
