0 0.7203125 0.4658203125 0.025 0.033203125
0 0.671875 0.4619140625 0.06875 0.044921875
1 0.60546875 0.490234375 0.0296875 0.09765625
0 0.503125 0.4560546875 0.028125 0.025390625
0 0.46640625 0.4580078125 0.0265625 0.025390625
0 0.36328125 0.4580078125 0.0359375 0.029296875
0 0.3234375 0.458984375 0.053125 0.03125
0 0.2640625 0.4599609375 0.08125 0.041015625
0 0.20234375 0.4638671875 0.0703125 0.033203125
0 0.11015625 0.4638671875 0.0421875 0.037109375
0 0.06796875 0.4609375 0.0609375 0.05078125
0 0.88046875 0.45703125 0.0265625 0.0234375
