0 0.9125 0.6015625 0.128125 0.16796875
0 0.7515625 0.56640625 0.109375 0.140625
1 0.82578125 0.5751953125 0.0828125 0.220703125
2 0.83203125 0.677734375 0.0859375 0.15234375
1 0.6359375 0.4736328125 0.034375 0.091796875
1 0.61328125 0.478515625 0.0234375 0.08203125
1 0.35078125 0.458984375 0.0234375 0.05078125
1 0.33125 0.4609375 0.021875 0.05078125
0 0.5109375 0.4931640625 0.109375 0.099609375
0 0.43359375 0.4873046875 0.0796875 0.064453125
0 0.10625 0.4609375 0.04375 0.03515625
0 0.0796875 0.4560546875 0.034375 0.041015625
0 0.2890625 0.4384765625 0.040625 0.029296875
0 0.39609375 0.46484375 0.0796875 0.0390625
