1 0.95625 0.4892578125 0.084375 0.283203125
2 0.98203125 0.6357421875 0.0296875 0.162109375
2 0.94453125 0.634765625 0.0453125 0.12890625
2 0.8484375 0.548828125 0.05625 0.09765625
1 0.85390625 0.4951171875 0.0453125 0.162109375
0 0.78046875 0.478515625 0.0578125 0.10546875
1 0.74765625 0.49609375 0.0421875 0.125
2 0.7484375 0.5390625 0.040625 0.0625
0 0.46640625 0.4541015625 0.0359375 0.037109375
0 0.49765625 0.4306640625 0.0203125 0.033203125
1 0.69453125 0.4775390625 0.0328125 0.107421875
2 0.6921875 0.5107421875 0.01875 0.060546875
1 0.64453125 0.466796875 0.0265625 0.0859375
1 0.6671875 0.47265625 0.025 0.07421875
2 0.671875 0.5068359375 0.01875 0.041015625
2 0.64375 0.4970703125 0.01875 0.041015625
