0 0.9640625 0.4765625 0.065625 0.078125
0 0.57265625 0.474609375 0.0484375 0.0546875
0 0.10859375 0.5 0.0921875 0.10546875
0 0.19296875 0.4853515625 0.0859375 0.076171875
0 0.240625 0.482421875 0.05625 0.0546875
0 0.2859375 0.48046875 0.040625 0.046875
0 0.375 0.46875 0.034375 0.03125
0 0.534375 0.47265625 0.03125 0.0390625
0 0.50390625 0.4638671875 0.0234375 0.037109375
0 0.875 0.4794921875 0.1 0.072265625
0 0.0359375 0.48828125 0.06875 0.15625
0 0.45703125 0.4580078125 0.0140625 0.017578125
0 0.4390625 0.4580078125 0.015625 0.021484375
