0 0.803125 0.5029296875 0.2625 0.201171875
1 0.62265625 0.431640625 0.0171875 0.05859375
1 0.60859375 0.4267578125 0.0140625 0.041015625
1 0.5890625 0.4326171875 0.0125 0.044921875
1 0.571875 0.4287109375 0.0125 0.041015625
1 0.56328125 0.421875 0.0140625 0.03125
1 0.5453125 0.4140625 0.0125 0.02734375
0 0.496875 0.4091796875 0.0375 0.044921875
0 0.4609375 0.431640625 0.034375 0.0390625
0 0.4109375 0.4091796875 0.01875 0.021484375
0 0.33359375 0.4375 0.0484375 0.046875
0 0.0671875 0.4677734375 0.134375 0.103515625
