0 0.71015625 0.4541015625 0.1421875 0.103515625
1 0.859375 0.4619140625 0.021875 0.107421875
0 0.47890625 0.419921875 0.0609375 0.02734375
0 0.45859375 0.4619140625 0.1078125 0.076171875
0 0.34921875 0.435546875 0.0828125 0.05859375
0 0.25234375 0.4423828125 0.0546875 0.068359375
0 0.15703125 0.443359375 0.0609375 0.05859375
1 0.20078125 0.4755859375 0.0328125 0.193359375
0 0.04140625 0.443359375 0.0796875 0.1015625
0 0.10625 0.4541015625 0.059375 0.072265625
0 0.265625 0.439453125 0.096875 0.06640625
0 0.546875 0.4384765625 0.065625 0.056640625
