0 0.21796875 0.4443359375 0.0609375 0.056640625
0 0.3625 0.4482421875 0.06875 0.064453125
0 0.6328125 0.45703125 0.08125 0.08984375
1 0.56796875 0.44921875 0.0234375 0.07421875
1 0.5515625 0.4453125 0.021875 0.078125
1 0.4125 0.439453125 0.025 0.0703125
0 0.09921875 0.439453125 0.0609375 0.08203125
0 0.14609375 0.4384765625 0.0453125 0.072265625
0 0.12265625 0.4140625 0.1078125 0.078125
0 0.2828125 0.4580078125 0.109375 0.091796875
0 0.4296875 0.4375 0.03125 0.04296875
0 0.45 0.4375 0.01875 0.03125
0 0.4578125 0.4267578125 0.03125 0.037109375
