0 0.8078125 0.46875 0.05625 0.0703125
0 0.925 0.451171875 0.146875 0.14453125
0 0.94921875 0.48828125 0.0953125 0.125
1 0.6953125 0.4658203125 0.025 0.099609375
1 0.678125 0.4658203125 0.025 0.099609375
1 0.6546875 0.466796875 0.028125 0.08984375
1 0.12890625 0.4951171875 0.0203125 0.056640625
1 0.1140625 0.4931640625 0.01875 0.060546875
0 0.728125 0.46875 0.040625 0.0703125
0 0.4140625 0.4619140625 0.028125 0.025390625
0 0.4375 0.4697265625 0.046875 0.044921875
1 0.5953125 0.4599609375 0.021875 0.056640625
1 0.55546875 0.4560546875 0.0203125 0.044921875
