0 0.89453125 0.4814453125 0.0953125 0.083984375
0 0.9765625 0.4716796875 0.04375 0.091796875
0 0.89453125 0.4501953125 0.0859375 0.056640625
1 0.83828125 0.4775390625 0.0109375 0.083984375
1 0.8234375 0.482421875 0.021875 0.08984375
0 0.79296875 0.4873046875 0.0359375 0.056640625
1 0.7515625 0.48046875 0.021875 0.06640625
1 0.7296875 0.4765625 0.021875 0.07421875
1 0.7078125 0.4755859375 0.021875 0.076171875
0 0.6171875 0.4853515625 0.065625 0.060546875
0 0.5625 0.474609375 0.034375 0.0390625
1 0.53125 0.4697265625 0.009375 0.029296875
0 0.459375 0.4677734375 0.03125 0.037109375
0 0.43125 0.46484375 0.028125 0.03125
0 0.3890625 0.46875 0.046875 0.0546875
0 0.234375 0.4755859375 0.1 0.099609375
1 0.159375 0.470703125 0.01875 0.046875
1 0.1421875 0.4697265625 0.01875 0.044921875
1 0.0921875 0.482421875 0.015625 0.05078125
0 0.10859375 0.470703125 0.0203125 0.05078125
0 0.034375 0.4892578125 0.06875 0.095703125
