2 0.9390625 0.537109375 0.075 0.0859375
2 0.89765625 0.53515625 0.0578125 0.078125
2 0.33671875 0.5126953125 0.0359375 0.076171875
1 0.62421875 0.556640625 0.0484375 0.1640625
1 0.3625 0.474609375 0.025 0.08203125
1 0.33515625 0.4638671875 0.0234375 0.068359375
0 0.2140625 0.4912109375 0.1125 0.072265625
0 0.1203125 0.4794921875 0.096875 0.064453125
0 0.05 0.4677734375 0.06875 0.060546875
1 0.878125 0.4599609375 0.021875 0.052734375
1 0.8890625 0.46875 0.021875 0.0390625
1 0.22734375 0.4423828125 0.0265625 0.037109375
2 0.31015625 0.5322265625 0.0203125 0.044921875
2 0.28984375 0.52734375 0.0203125 0.04296875
