1 0.4421875 0.462890625 0.01875 0.05859375
1 0.55546875 0.462890625 0.0265625 0.078125
1 0.575 0.4697265625 0.03125 0.087890625
0 0.07890625 0.5537109375 0.1546875 0.197265625
0 0.2765625 0.486328125 0.128125 0.109375
0 0.34375 0.48828125 0.040625 0.0703125
0 0.39453125 0.4736328125 0.0453125 0.052734375
0 0.76875 0.5625 0.215625 0.20703125
0 0.88984375 0.505859375 0.0859375 0.11328125
0 0.7921875 0.45703125 0.121875 0.0625
0 0.50859375 0.45703125 0.0515625 0.046875
0 0.603125 0.466796875 0.04375 0.06640625
0 0.65 0.484375 0.09375 0.09375
0 0.40859375 0.458984375 0.0484375 0.06640625
0 0.3640625 0.46875 0.040625 0.0703125
