1 0.85546875 0.478515625 0.0234375 0.12890625
1 0.95234375 0.48828125 0.0421875 0.1328125
1 0.97890625 0.5 0.0390625 0.1484375
1 0.81015625 0.48046875 0.0234375 0.08984375
1 0.75625 0.4814453125 0.028125 0.095703125
1 0.34921875 0.474609375 0.0421875 0.08984375
1 0.30546875 0.4677734375 0.0359375 0.087890625
1 0.090625 0.4580078125 0.03125 0.099609375
1 0.1203125 0.453125 0.021875 0.0859375
0 0.26328125 0.4609375 0.0515625 0.05078125
1 0.4640625 0.455078125 0.01875 0.046875
1 0.44921875 0.455078125 0.0203125 0.04296875
1 0.6 0.45703125 0.01875 0.046875
1 0.48671875 0.4541015625 0.0171875 0.037109375
0 0.5375 0.455078125 0.021875 0.0234375
1 0.8796875 0.4697265625 0.028125 0.068359375
2 0.77578125 0.5810546875 0.0484375 0.083984375
2 0.9671875 0.6171875 0.059375 0.1015625
1 0.6734375 0.4580078125 0.021875 0.025390625
1 0.403125 0.4482421875 0.01875 0.033203125
