0 0.09296875 0.49609375 0.1453125 0.11328125
0 0.20859375 0.48828125 0.0765625 0.0703125
0 0.2609375 0.4853515625 0.034375 0.064453125
0 0.3171875 0.478515625 0.0375 0.03515625
0 0.40390625 0.47265625 0.0296875 0.03125
0 0.353125 0.474609375 0.03125 0.03515625
1 0.89609375 0.5048828125 0.0578125 0.177734375
1 0.8234375 0.50390625 0.046875 0.19140625
1 0.79921875 0.4658203125 0.0296875 0.099609375
1 0.72578125 0.4521484375 0.0265625 0.076171875
1 0.62421875 0.4560546875 0.0296875 0.064453125
1 0.55625 0.4658203125 0.025 0.056640625
1 0.98671875 0.49609375 0.0203125 0.17578125
