1 0.659375 0.5087890625 0.059375 0.169921875
1 0.6046875 0.4931640625 0.03125 0.115234375
1 0.62421875 0.48046875 0.0296875 0.10546875
0 0.1515625 0.4619140625 0.1125 0.091796875
0 0.06640625 0.5634765625 0.1296875 0.232421875
0 0.2015625 0.513671875 0.1625 0.12890625
0 0.37109375 0.48046875 0.0796875 0.0625
0 0.77578125 0.4794921875 0.0609375 0.072265625
0 0.85 0.4609375 0.053125 0.046875
0 0.71640625 0.5302734375 0.0953125 0.103515625
0 0.86640625 0.5966796875 0.2515625 0.220703125
0 0.48125 0.455078125 0.03125 0.03515625
1 0.37890625 0.44140625 0.0203125 0.0234375
0 0.3734375 0.4423828125 0.05 0.029296875
0 0.4109375 0.4755859375 0.0375 0.056640625
0 0.428125 0.474609375 0.025 0.04296875
0 0.43359375 0.466796875 0.0421875 0.05859375
0 0.4984375 0.4521484375 0.021875 0.029296875
0 0.73046875 0.4560546875 0.0453125 0.037109375
