1 0.94375 0.408203125 0.009375 0.04296875
1 0.93359375 0.412109375 0.0109375 0.0546875
1 0.89375 0.416015625 0.0125 0.046875
1 0.88125 0.4072265625 0.009375 0.029296875
1 0.86328125 0.4208984375 0.0078125 0.044921875
1 0.83984375 0.4189453125 0.0109375 0.044921875
1 0.828125 0.421875 0.0125 0.04296875
1 0.7859375 0.3955078125 0.009375 0.025390625
1 0.7796875 0.396484375 0.009375 0.02734375
1 0.8 0.4296875 0.015625 0.0546875
1 0.7859375 0.4345703125 0.0125 0.056640625
1 0.7609375 0.3955078125 0.009375 0.025390625
1 0.7515625 0.408203125 0.0125 0.05078125
1 0.73515625 0.4013671875 0.0109375 0.041015625
1 0.7265625 0.408203125 0.009375 0.02734375
1 0.71015625 0.396484375 0.0109375 0.03515625
1 0.834375 0.4912109375 0.03125 0.099609375
1 0.7203125 0.42578125 0.009375 0.015625
1 0.73203125 0.4794921875 0.0234375 0.091796875
1 0.69609375 0.4580078125 0.0140625 0.060546875
1 0.70859375 0.484375 0.0171875 0.0859375
1 0.68125 0.43359375 0.0125 0.01953125
1 0.678125 0.46875 0.01875 0.078125
1 0.6578125 0.46875 0.021875 0.078125
1 0.6453125 0.4306640625 0.009375 0.025390625
1 0.6359375 0.4736328125 0.01875 0.056640625
1 0.62109375 0.4287109375 0.0109375 0.021484375
1 0.62109375 0.4619140625 0.0140625 0.048828125
1 0.603125 0.453125 0.01875 0.0625
1 0.5875 0.4169921875 0.009375 0.037109375
1 0.57421875 0.4267578125 0.0140625 0.048828125
1 0.56171875 0.431640625 0.0140625 0.04296875
1 0.553125 0.427734375 0.0125 0.04296875
1 0.5390625 0.4326171875 0.0125 0.037109375
0 0.46484375 0.419921875 0.0296875 0.02734375
0 0.47578125 0.435546875 0.0359375 0.0390625
0 0.5 0.44140625 0.046875 0.03515625
0 0.4265625 0.40625 0.015625 0.015625
0 0.3984375 0.4150390625 0.01875 0.025390625
0 0.43359375 0.4404296875 0.0578125 0.056640625
0 0.3734375 0.4384765625 0.05 0.044921875
0 0.35078125 0.4580078125 0.0609375 0.060546875
0 0.50546875 0.5146484375 0.1078125 0.111328125
0 0.41953125 0.478515625 0.0703125 0.07421875
0 0.30390625 0.4619140625 0.0296875 0.052734375
0 0.2734375 0.4609375 0.05 0.04296875
0 0.24609375 0.5126953125 0.1171875 0.099609375
1 0.16484375 0.462890625 0.0078125 0.0625
1 0.15 0.47265625 0.015625 0.06640625
1 0.1453125 0.453125 0.009375 0.03515625
0 0.0703125 0.5712890625 0.140625 0.275390625
1 0.9671875 0.412109375 0.015625 0.05859375
