1 0.0890625 0.39453125 0.0625 0.15625
1 0.15625 0.4931640625 0.05625 0.220703125
1 0.19296875 0.5029296875 0.0515625 0.220703125
1 0.40234375 0.453125 0.0515625 0.0546875
1 0.40546875 0.529296875 0.0546875 0.1015625
1 0.47109375 0.4580078125 0.0453125 0.052734375
1 0.6984375 0.5048828125 0.04375 0.119140625
1 0.73515625 0.4970703125 0.0328125 0.060546875
2 0.46484375 0.73046875 0.2203125 0.25390625
1 0.47265625 0.6357421875 0.1609375 0.349609375
1 0.76796875 0.501953125 0.0203125 0.0234375
1 0.5296875 0.4609375 0.03125 0.03125
1 0.353125 0.505859375 0.040625 0.0703125
