0 0.928125 0.568359375 0.140625 0.15234375
0 0.43359375 0.458984375 0.0484375 0.05859375
0 0.56171875 0.46875 0.0609375 0.078125
0 0.28046875 0.4296875 0.0453125 0.04296875
0 0.1703125 0.4404296875 0.078125 0.076171875
0 0.22578125 0.478515625 0.1015625 0.09375
1 0.81796875 0.4580078125 0.0421875 0.091796875
1 0.784375 0.4482421875 0.028125 0.091796875
1 0.753125 0.44921875 0.0375 0.0703125
1 0.10390625 0.44921875 0.0421875 0.0859375
1 0.06875 0.443359375 0.025 0.078125
0 0.6359375 0.4521484375 0.084375 0.037109375
