0 0.1484375 0.4990234375 0.140625 0.115234375
1 0.2234375 0.4765625 0.025 0.1015625
0 0.25703125 0.484375 0.0390625 0.078125
0 0.28125 0.4775390625 0.05625 0.072265625
0 0.3265625 0.470703125 0.04375 0.046875
0 0.340625 0.4638671875 0.046875 0.052734375
0 0.94765625 0.5029296875 0.1015625 0.326171875
0 0.85390625 0.5244140625 0.1828125 0.173828125
0 0.75 0.4970703125 0.13125 0.115234375
0 0.66171875 0.4794921875 0.0921875 0.076171875
0 0.6234375 0.47265625 0.053125 0.0625
2 0.47734375 0.5029296875 0.0234375 0.056640625
0 0.57421875 0.4677734375 0.0390625 0.044921875
0 0.55234375 0.4619140625 0.0234375 0.041015625
0 0.53203125 0.45703125 0.0234375 0.03515625
0 0.51796875 0.45703125 0.0203125 0.02734375
0 0.503125 0.4560546875 0.021875 0.025390625
1 0.47265625 0.447265625 0.0265625 0.05859375
0 0.43671875 0.455078125 0.0203125 0.0234375
0 0.421875 0.45703125 0.01875 0.0234375
0 0.403125 0.4560546875 0.021875 0.029296875
0 0.38359375 0.458984375 0.0234375 0.0390625
0 0.37265625 0.4638671875 0.0265625 0.041015625
