1 0.63671875 0.4609375 0.0296875 0.0859375
1 0.9359375 0.5068359375 0.071875 0.255859375
1 0.978125 0.4892578125 0.0375 0.240234375
0 0.81171875 0.46484375 0.0578125 0.0703125
0 0.878125 0.470703125 0.05625 0.0859375
0 0.50625 0.5146484375 0.134375 0.130859375
0 0.7296875 0.4580078125 0.034375 0.064453125
0 0.246875 0.486328125 0.059375 0.05078125
1 0.1265625 0.48828125 0.021875 0.03125
1 0.11015625 0.4951171875 0.0296875 0.056640625
0 0.45234375 0.4658203125 0.0359375 0.025390625
1 0.60546875 0.4599609375 0.0203125 0.056640625
1 0.58671875 0.4619140625 0.0203125 0.056640625
