0 0.85546875 0.591796875 0.2859375 0.35546875
0 0.75859375 0.4775390625 0.0671875 0.076171875
0 0.52890625 0.494140625 0.1421875 0.1015625
0 0.453125 0.466796875 0.034375 0.0390625
2 0.04765625 0.619140625 0.0921875 0.15625
1 0.209375 0.4599609375 0.01875 0.068359375
1 0.2546875 0.4609375 0.015625 0.0625
2 0.109375 0.494140625 0.046875 0.1015625
1 0.646875 0.447265625 0.015625 0.03515625
1 0.62734375 0.447265625 0.0140625 0.02734375
0 0.66015625 0.482421875 0.1046875 0.078125
1 0.3359375 0.4580078125 0.0125 0.052734375
1 0.3296875 0.458984375 0.0125 0.046875
1 0.31953125 0.45703125 0.0109375 0.05078125
2 0.18515625 0.4892578125 0.0265625 0.056640625
2 0.153125 0.494140625 0.021875 0.0703125
2 0.14140625 0.4921875 0.0171875 0.06640625
1 0.046875 0.4853515625 0.0875 0.267578125
