1 0.76953125 0.494140625 0.0546875 0.1328125
0 0.87421875 0.4814453125 0.0734375 0.037109375
0 0.678125 0.4853515625 0.125 0.044921875
0 0.640625 0.4658203125 0.1 0.044921875
0 0.5671875 0.4736328125 0.028125 0.037109375
0 0.2953125 0.4638671875 0.025 0.029296875
0 0.0671875 0.47265625 0.04375 0.0625
0 0.025 0.4736328125 0.0375 0.068359375
0 0.1421875 0.4755859375 0.034375 0.044921875
1 0.3453125 0.470703125 0.025 0.0625
0 0.81953125 0.505859375 0.0484375 0.03125
0 0.81953125 0.484375 0.0734375 0.046875
