0 0.184375 0.5283203125 0.234375 0.162109375
0 0.46015625 0.4599609375 0.0328125 0.033203125
0 0.496875 0.462890625 0.034375 0.03125
1 0.621875 0.484375 0.03125 0.10546875
0 0.515625 0.458984375 0.021875 0.0234375
0 0.2140625 0.4375 0.1 0.02734375
0 0.29921875 0.484375 0.0515625 0.05859375
1 0.63984375 0.46875 0.0140625 0.05859375
1 0.66171875 0.47265625 0.0171875 0.05859375
1 0.6515625 0.4697265625 0.0125 0.060546875
1 0.74140625 0.48046875 0.0296875 0.04296875
1 0.40234375 0.458984375 0.0140625 0.03515625
1 0.38359375 0.4560546875 0.0203125 0.044921875
1 0.36953125 0.4580078125 0.0203125 0.044921875
2 0.621875 0.51953125 0.01875 0.0625
