1 0.62578125 0.46875 0.0234375 0.08203125
1 0.65390625 0.462890625 0.0265625 0.08984375
1 0.66875 0.466796875 0.028125 0.109375
1 0.69921875 0.4677734375 0.0296875 0.107421875
0 0.8078125 0.4638671875 0.059375 0.076171875
0 0.92578125 0.447265625 0.1453125 0.140625
0 0.95078125 0.4873046875 0.0921875 0.123046875
1 0.5984375 0.4609375 0.021875 0.0546875
1 0.58203125 0.46484375 0.0203125 0.05859375
0 0.44609375 0.46484375 0.0296875 0.03125
1 0.55 0.458984375 0.01875 0.046875
1 0.1671875 0.478515625 0.01875 0.04296875
1 0.12890625 0.486328125 0.0203125 0.03125
1 0.1125 0.4912109375 0.01875 0.056640625
1 0.3625 0.4658203125 0.009375 0.025390625
1 0.37421875 0.462890625 0.0109375 0.02734375
1 0.38125 0.4609375 0.0125 0.03125
