1 0.025 0.34765625 0.04375 0.09375
1 0.0765625 0.3798828125 0.05625 0.193359375
0 0.1265625 0.39453125 0.096875 0.1015625
0 0.184375 0.384765625 0.05625 0.07421875
0 0.24453125 0.3828125 0.0609375 0.0625
0 0.3234375 0.3798828125 0.05 0.052734375
0 0.5625 0.421875 0.11875 0.12109375
0 0.50703125 0.4013671875 0.0546875 0.072265625
0 0.43828125 0.388671875 0.0234375 0.0234375
0 0.90234375 0.4775390625 0.1859375 0.169921875
0 0.03828125 0.4599609375 0.0703125 0.224609375
1 0.4625 0.388671875 0.0125 0.03515625
1 0.41953125 0.3837890625 0.0140625 0.037109375
1 0.4078125 0.3818359375 0.01875 0.037109375
0 0.28515625 0.3837890625 0.0359375 0.056640625
0 0.359375 0.3837890625 0.03125 0.037109375
0 0.38125 0.38671875 0.021875 0.03125
0 0.48671875 0.384765625 0.0328125 0.0625
