1 0.6484375 0.5205078125 0.059375 0.123046875
1 0.8390625 0.5087890625 0.034375 0.107421875
1 0.89765625 0.5087890625 0.0484375 0.107421875
1 0.9390625 0.5107421875 0.04375 0.095703125
0 0.46640625 0.5068359375 0.0515625 0.056640625
0 0.396875 0.5859375 0.43125 0.16015625
0 0.9609375 0.6171875 0.075 0.15625
1 0.19921875 0.46484375 0.0203125 0.03515625
1 0.2125 0.4619140625 0.01875 0.037109375
1 0.2265625 0.4658203125 0.01875 0.033203125
1 0.2359375 0.4697265625 0.01875 0.029296875
1 0.253125 0.46875 0.021875 0.02734375
