1 0.96171875 0.7177734375 0.0734375 0.400390625
1 0.853125 0.5126953125 0.046875 0.138671875
1 0.81484375 0.5126953125 0.0296875 0.126953125
1 0.44375 0.4765625 0.025 0.06640625
1 0.428125 0.4775390625 0.021875 0.064453125
0 0.5015625 0.4814453125 0.1 0.052734375
0 0.59453125 0.484375 0.0546875 0.05078125
0 0.65390625 0.48046875 0.0515625 0.0390625
0 0.77578125 0.4873046875 0.0515625 0.064453125
0 0.790625 0.4970703125 0.034375 0.056640625
0 0.52890625 0.5244140625 0.1296875 0.099609375
0 0.6515625 0.5595703125 0.1875 0.158203125
0 0.30625 0.4453125 0.021875 0.02734375
0 0.0234375 0.466796875 0.046875 0.046875
0 0.06796875 0.4736328125 0.0515625 0.041015625
0 0.12421875 0.4697265625 0.0796875 0.056640625
2 0.96015625 0.8017578125 0.0515625 0.244140625
