1 0.63515625 0.490234375 0.0296875 0.10546875
0 0.1921875 0.486328125 0.078125 0.078125
0 0.11796875 0.49609375 0.1203125 0.11328125
0 0.0328125 0.494140625 0.0625 0.14453125
2 0.63359375 0.529296875 0.0203125 0.05859375
2 0.39609375 0.48046875 0.0453125 0.02734375
0 0.425 0.455078125 0.021875 0.03125
0 0.4375 0.453125 0.01875 0.0234375
1 0.396875 0.453125 0.03125 0.0390625
0 0.4921875 0.4541015625 0.021875 0.025390625
0 0.4578125 0.4560546875 0.021875 0.021484375
1 0.525 0.453125 0.01875 0.03515625
1 0.546875 0.4541015625 0.015625 0.029296875
