0 0.68203125 0.4501953125 0.0828125 0.083984375
0 0.56796875 0.4736328125 0.0328125 0.068359375
1 0.52265625 0.4619140625 0.0359375 0.115234375
1 0.4453125 0.470703125 0.0375 0.09765625
1 0.41328125 0.470703125 0.0328125 0.10546875
1 0.64296875 0.5634765625 0.1671875 0.369140625
1 0.75234375 0.5126953125 0.0703125 0.275390625
1 0.7875 0.5166015625 0.084375 0.306640625
1 0.8671875 0.5 0.09375 0.2890625
1 0.946875 0.599609375 0.1 0.41015625
0 0.32109375 0.4755859375 0.0890625 0.076171875
1 0.16328125 0.45703125 0.0140625 0.04296875
1 0.1203125 0.451171875 0.015625 0.03515625
1 0.3859375 0.4453125 0.015625 0.03125
