0 0.14921875 0.5224609375 0.2203125 0.181640625
0 0.34296875 0.4912109375 0.0671875 0.064453125
0 0.42109375 0.4951171875 0.0453125 0.041015625
1 0.9578125 0.5498046875 0.078125 0.396484375
1 0.87265625 0.4501953125 0.0546875 0.076171875
1 0.70703125 0.498046875 0.0359375 0.10546875
1 0.659375 0.490234375 0.0375 0.109375
1 0.61796875 0.4921875 0.0359375 0.10546875
1 0.59140625 0.490234375 0.0265625 0.10546875
1 0.57109375 0.486328125 0.0359375 0.10546875
1 0.54765625 0.482421875 0.0296875 0.109375
2 0.74140625 0.525390625 0.0296875 0.06640625
1 0.52421875 0.4912109375 0.0234375 0.064453125
1 0.49921875 0.4921875 0.0203125 0.05078125
1 0.47890625 0.490234375 0.0203125 0.046875
1 0.4640625 0.490234375 0.021875 0.046875
0 0.3890625 0.4931640625 0.025 0.029296875
