1 0.55078125 0.478515625 0.0203125 0.046875
1 0.56484375 0.4755859375 0.0234375 0.052734375
1 0.39921875 0.46484375 0.0203125 0.05078125
0 0.03515625 0.509765625 0.0703125 0.21484375
0 0.121875 0.525390625 0.11875 0.15234375
0 0.678125 0.5185546875 0.140625 0.138671875
0 0.734375 0.5732421875 0.2 0.193359375
0 0.84921875 0.650390625 0.2921875 0.3046875
0 0.3328125 0.4658203125 0.046875 0.033203125
0 0.81875 0.466796875 0.125 0.06640625
0 0.46640625 0.4716796875 0.0359375 0.037109375
1 0.44140625 0.46484375 0.0234375 0.04296875
1 0.425 0.46484375 0.021875 0.04296875
1 0.38515625 0.462890625 0.0203125 0.05078125
1 0.35234375 0.4609375 0.0203125 0.04296875
0 0.18671875 0.46875 0.0796875 0.0859375
