0 0.934375 0.69140625 0.128125 0.30078125
0 0.8390625 0.6044921875 0.2625 0.224609375
0 0.690625 0.525390625 0.121875 0.10546875
0 0.659375 0.4990234375 0.09375 0.091796875
0 0.6203125 0.4775390625 0.05 0.064453125
0 0.5125 0.4453125 0.034375 0.03125
0 0.42109375 0.4609375 0.0359375 0.0390625
0 0.43828125 0.45703125 0.0234375 0.03515625
0 0.3546875 0.4892578125 0.0625 0.064453125
0 0.2328125 0.4794921875 0.084375 0.072265625
0 0.06953125 0.5009765625 0.0609375 0.083984375
0 0.09453125 0.4912109375 0.1015625 0.083984375
0 0.12265625 0.4736328125 0.1171875 0.068359375
0 0.26953125 0.466796875 0.0921875 0.0625
0 0.58359375 0.458984375 0.0515625 0.05859375
