2 0.48671875 0.51171875 0.0234375 0.0625
0 0.078125 0.513671875 0.15625 0.14453125
0 0.18203125 0.4951171875 0.0953125 0.091796875
0 0.2390625 0.4833984375 0.06875 0.087890625
0 0.2953125 0.4765625 0.05625 0.0546875
0 0.94453125 0.548828125 0.1078125 0.19921875
0 0.84296875 0.5146484375 0.2109375 0.162109375
0 0.31328125 0.4697265625 0.0578125 0.056640625
0 0.69609375 0.4951171875 0.1203125 0.103515625
0 0.6359375 0.48046875 0.0625 0.078125
0 0.5984375 0.482421875 0.03125 0.06640625
0 0.578125 0.4736328125 0.040625 0.052734375
0 0.371875 0.462890625 0.01875 0.03515625
0 0.546875 0.46875 0.025 0.05078125
0 0.52734375 0.4619140625 0.0265625 0.037109375
1 0.48515625 0.4482421875 0.0296875 0.068359375
0 0.42421875 0.45703125 0.0203125 0.02734375
0 0.40859375 0.458984375 0.0203125 0.02734375
0 0.3890625 0.4580078125 0.021875 0.029296875
0 0.35546875 0.46484375 0.0234375 0.04296875
