0 0.02578125 0.5244140625 0.0515625 0.103515625
0 0.053125 0.5009765625 0.10625 0.115234375
0 0.128125 0.5009765625 0.0375 0.068359375
0 0.13203125 0.4755859375 0.1734375 0.123046875
0 0.24765625 0.4814453125 0.0828125 0.048828125
0 0.6015625 0.48046875 0.0875 0.06640625
0 0.58359375 0.498046875 0.0359375 0.0546875
0 0.63671875 0.4853515625 0.0703125 0.076171875
0 0.72109375 0.4921875 0.1453125 0.12109375
0 0.73046875 0.515625 0.0953125 0.08984375
0 0.86875 0.48828125 0.23125 0.12890625
0 0.8203125 0.5498046875 0.05 0.103515625
0 0.91484375 0.5615234375 0.1671875 0.232421875
1 0.3234375 0.4638671875 0.0125 0.048828125
1 0.35390625 0.466796875 0.0171875 0.05859375
0 0.2328125 0.4873046875 0.040625 0.048828125
0 0.25703125 0.46875 0.0859375 0.0625
0 0.54375 0.466796875 0.028125 0.0234375
