0 0.075 0.6025390625 0.146875 0.306640625
0 0.18671875 0.5625 0.1171875 0.16796875
0 0.26796875 0.5400390625 0.0671875 0.107421875
0 0.39375 0.4716796875 0.0625 0.068359375
0 0.4390625 0.4619140625 0.040625 0.044921875
0 0.46171875 0.4521484375 0.0359375 0.056640625
0 0.62109375 0.478515625 0.0671875 0.0703125
0 0.775 0.451171875 0.053125 0.05859375
0 0.80078125 0.4560546875 0.0453125 0.060546875
0 0.80703125 0.466796875 0.0515625 0.07421875
0 0.91484375 0.4541015625 0.1671875 0.091796875
0 0.49765625 0.44921875 0.0265625 0.03125
0 0.51484375 0.4453125 0.0234375 0.02734375
0 0.5359375 0.4404296875 0.021875 0.025390625
