1 0.55703125 0.46875 0.0203125 0.0546875
1 0.540625 0.47265625 0.021875 0.0546875
1 0.26171875 0.4609375 0.0265625 0.078125
1 0.22734375 0.46484375 0.0265625 0.09375
1 0.20390625 0.46484375 0.0234375 0.09375
1 0.16484375 0.462890625 0.0328125 0.09375
1 0.13515625 0.4638671875 0.0296875 0.095703125
1 0.125 0.4189453125 0.03125 0.037109375
0 0.6375 0.509765625 0.059375 0.1015625
0 0.71640625 0.529296875 0.1671875 0.1640625
1 0.421875 0.4677734375 0.01875 0.052734375
1 0.49921875 0.4599609375 0.0171875 0.037109375
1 0.52265625 0.4599609375 0.0140625 0.037109375
1 0.51328125 0.4619140625 0.0140625 0.041015625
1 0.434375 0.4521484375 0.01875 0.037109375
1 0.3390625 0.4521484375 0.01875 0.044921875
2 0.35546875 0.4853515625 0.0234375 0.029296875
1 0.8953125 0.46875 0.021875 0.04296875
