0 0.95234375 0.810546875 0.0921875 0.328125
0 0.87578125 0.6689453125 0.2359375 0.263671875
0 0.69765625 0.537109375 0.1515625 0.1640625
0 0.60546875 0.4833984375 0.0484375 0.060546875
0 0.525 0.4521484375 0.04375 0.037109375
0 0.4046875 0.462890625 0.040625 0.0546875
0 0.309375 0.4912109375 0.103125 0.115234375
0 0.25078125 0.529296875 0.1171875 0.12890625
0 0.1515625 0.5791015625 0.146875 0.166015625
0 0.06015625 0.62890625 0.1203125 0.2109375
1 0.56328125 0.4775390625 0.0203125 0.072265625
1 0.55078125 0.470703125 0.0203125 0.0703125
0 0.07421875 0.458984375 0.0671875 0.03515625
0 0.38671875 0.4765625 0.0265625 0.05859375
0 0.3734375 0.484375 0.028125 0.0625
0 0.36171875 0.494140625 0.0296875 0.07421875
0 0.43046875 0.4609375 0.0265625 0.0390625
0 0.44296875 0.447265625 0.0265625 0.03125
0 0.1671875 0.4541015625 0.05 0.033203125
