0 0.65859375 0.505859375 0.0828125 0.08203125
0 0.61171875 0.4775390625 0.0359375 0.056640625
0 0.55 0.46484375 0.0375 0.0390625
0 0.796875 0.5625 0.1875 0.15625
0 0.90625 0.6357421875 0.184375 0.283203125
0 0.3796875 0.4599609375 0.065625 0.041015625
0 0.1578125 0.4697265625 0.16875 0.076171875
0 0.2 0.453125 0.084375 0.0703125
3 0.33359375 0.486328125 0.0140625 0.01953125
1 0.3484375 0.4677734375 0.021875 0.068359375
0 0.040625 0.4609375 0.06875 0.1015625
0 0.3015625 0.4580078125 0.046875 0.044921875
0 0.26953125 0.4609375 0.0265625 0.06640625
0 0.4859375 0.4599609375 0.025 0.025390625
0 0.58671875 0.4736328125 0.0265625 0.041015625
0 0.01484375 0.4814453125 0.0296875 0.064453125
