1 0.93984375 0.5234375 0.0359375 0.15234375
1 0.9 0.525390625 0.040625 0.16015625
1 0.86796875 0.5107421875 0.0265625 0.126953125
1 0.8453125 0.517578125 0.01875 0.12109375
1 0.821875 0.5166015625 0.025 0.126953125
1 0.796875 0.5205078125 0.025 0.115234375
0 0.36875 0.466796875 0.046875 0.04296875
0 0.4453125 0.458984375 0.065625 0.03515625
0 0.40859375 0.5263671875 0.0703125 0.091796875
0 0.33046875 0.49609375 0.0734375 0.07421875
0 0.28515625 0.4892578125 0.0359375 0.052734375
0 0.496875 0.4599609375 0.0375 0.033203125
0 0.48203125 0.5400390625 0.1296875 0.126953125
1 0.19921875 0.490234375 0.0171875 0.05859375
1 0.1859375 0.4921875 0.015625 0.05859375
1 0.16796875 0.4990234375 0.0234375 0.060546875
0 0.04296875 0.521484375 0.0859375 0.08203125
1 0.96953125 0.513671875 0.0328125 0.14453125
1 0.99296875 0.5166015625 0.0109375 0.146484375
1 0.73046875 0.49609375 0.0203125 0.08203125
1 0.65078125 0.49609375 0.0203125 0.0703125
1 0.6703125 0.490234375 0.01875 0.07421875
1 0.6046875 0.4873046875 0.015625 0.056640625
1 0.621875 0.4833984375 0.01875 0.060546875
1 0.690625 0.462890625 0.015625 0.04296875
1 0.70234375 0.4619140625 0.0140625 0.044921875
1 0.7125 0.462890625 0.0125 0.05078125
1 0.5953125 0.4638671875 0.015625 0.041015625
1 0.634375 0.462890625 0.015625 0.05859375
1 0.7328125 0.4326171875 0.0125 0.044921875
1 0.74296875 0.4287109375 0.0140625 0.041015625
1 0.565625 0.4521484375 0.0125 0.041015625
1 0.5578125 0.4521484375 0.0125 0.041015625
