2 0.96953125 0.58203125 0.0578125 0.1015625
2 0.63125 0.58203125 0.1 0.15234375
2 0.5296875 0.6005859375 0.090625 0.099609375
2 0.26015625 0.55859375 0.0734375 0.078125
2 0.21171875 0.5498046875 0.0359375 0.044921875
2 0.1578125 0.5244140625 0.028125 0.064453125
0 0.546875 0.4765625 0.06875 0.07421875
0 0.34296875 0.478515625 0.0609375 0.046875
0 0.18515625 0.4775390625 0.0421875 0.083984375
0 0.04375 0.5009765625 0.0875 0.119140625
1 0.5796875 0.525390625 0.075 0.203125
1 0.25703125 0.494140625 0.0453125 0.15234375
1 0.15 0.4755859375 0.040625 0.115234375
0 0.509375 0.48046875 0.025 0.046875
0 0.49609375 0.4775390625 0.0234375 0.041015625
0 0.3765625 0.4697265625 0.034375 0.041015625
