1 0.946875 0.5068359375 0.040625 0.150390625
1 0.896875 0.529296875 0.04375 0.15234375
1 0.97734375 0.4775390625 0.0203125 0.072265625
1 0.859375 0.5244140625 0.034375 0.126953125
1 0.83984375 0.515625 0.0234375 0.109375
1 0.81484375 0.5234375 0.0296875 0.1171875
1 0.78984375 0.515625 0.0203125 0.11328125
1 0.7640625 0.521484375 0.028125 0.10546875
1 0.7484375 0.505859375 0.015625 0.078125
1 0.7125 0.4970703125 0.015625 0.076171875
1 0.6953125 0.4619140625 0.0125 0.044921875
1 0.6765625 0.4619140625 0.0125 0.041015625
1 0.6609375 0.4892578125 0.015625 0.072265625
1 0.6375 0.494140625 0.01875 0.06640625
1 0.6203125 0.4814453125 0.015625 0.056640625
1 0.60625 0.482421875 0.015625 0.05078125
1 0.5578125 0.453125 0.009375 0.03515625
0 0.4984375 0.4599609375 0.0375 0.029296875
0 0.4515625 0.4609375 0.065625 0.03125
0 0.4 0.451171875 0.01875 0.03125
0 0.38203125 0.462890625 0.0296875 0.0390625
0 0.34921875 0.4853515625 0.0484375 0.056640625
0 0.29765625 0.48828125 0.0453125 0.05078125
0 0.40859375 0.53125 0.0671875 0.1015625
0 0.48984375 0.5478515625 0.1421875 0.142578125
1 0.253125 0.4951171875 0.015625 0.060546875
1 0.23984375 0.4931640625 0.0203125 0.060546875
1 0.2109375 0.4814453125 0.015625 0.052734375
1 0.1875 0.4853515625 0.0125 0.052734375
1 0.17421875 0.490234375 0.0171875 0.05859375
0 0.053125 0.5107421875 0.10625 0.091796875
1 0.76328125 0.451171875 0.0140625 0.03515625
1 0.7296875 0.466796875 0.015625 0.046875
1 0.7421875 0.4677734375 0.015625 0.044921875
1 0.6359375 0.44921875 0.015625 0.0234375
1 0.56796875 0.453125 0.0109375 0.03125
