0 0.06796875 0.6181640625 0.1359375 0.201171875
0 0.1515625 0.5625 0.121875 0.16796875
1 0.2234375 0.5498046875 0.0625 0.166015625
0 0.38828125 0.4755859375 0.0578125 0.064453125
0 0.58203125 0.4755859375 0.0484375 0.056640625
0 0.61328125 0.4970703125 0.0578125 0.068359375
0 0.6515625 0.5185546875 0.096875 0.095703125
0 0.66796875 0.5419921875 0.0984375 0.126953125
0 0.7625 0.578125 0.23125 0.20703125
0 0.859375 0.7138671875 0.271875 0.318359375
0 0.2484375 0.4482421875 0.1125 0.076171875
0 0.32265625 0.4609375 0.0453125 0.03515625
0 0.33125 0.4482421875 0.053125 0.041015625
0 0.45546875 0.447265625 0.0234375 0.0234375
0 0.50625 0.4384765625 0.021875 0.025390625
0 0.55546875 0.455078125 0.0359375 0.0390625
2 0.21328125 0.59765625 0.0453125 0.109375
