1 0.22734375 0.498046875 0.0609375 0.140625
1 0.69453125 0.49609375 0.0203125 0.06640625
1 0.7171875 0.505859375 0.03125 0.06640625
1 0.97109375 0.4755859375 0.0484375 0.177734375
1 0.90625 0.5068359375 0.096875 0.310546875
1 0.6703125 0.4716796875 0.05 0.134765625
0 0.46484375 0.4814453125 0.0421875 0.044921875
0 0.4140625 0.4833984375 0.034375 0.037109375
1 0.603125 0.4755859375 0.021875 0.060546875
1 0.54140625 0.47265625 0.0203125 0.0546875
1 0.5875 0.4716796875 0.021875 0.060546875
1 0.5640625 0.47265625 0.01875 0.05859375
1 0.51953125 0.47265625 0.0203125 0.046875
