0 0.846875 0.625 0.303125 0.3046875
0 0.7359375 0.5419921875 0.15625 0.162109375
0 0.64765625 0.505859375 0.0765625 0.08203125
0 0.4234375 0.462890625 0.03125 0.04296875
0 0.3921875 0.47265625 0.046875 0.0703125
0 0.31328125 0.515625 0.0515625 0.1015625
0 0.23828125 0.5234375 0.1359375 0.1640625
0 0.1109375 0.5947265625 0.209375 0.220703125
0 0.521875 0.4521484375 0.0375 0.037109375
1 0.60078125 0.4853515625 0.0265625 0.095703125
1 0.584375 0.4921875 0.025 0.08984375
1 0.56484375 0.486328125 0.0296875 0.09765625
0 0.03671875 0.4609375 0.0734375 0.0546875
0 0.12578125 0.455078125 0.0546875 0.04296875
0 0.459375 0.451171875 0.021875 0.03125
