1 0.53046875 0.462890625 0.0203125 0.05078125
1 0.4546875 0.4580078125 0.021875 0.041015625
0 0.5765625 0.4677734375 0.053125 0.052734375
0 0.68828125 0.5126953125 0.1234375 0.130859375
0 0.75234375 0.552734375 0.1796875 0.17578125
0 0.85078125 0.62109375 0.2921875 0.26171875
0 0.93828125 0.69921875 0.1140625 0.41796875
0 0.4203125 0.4677734375 0.0375 0.041015625
0 0.33984375 0.4658203125 0.0421875 0.044921875
0 0.225 0.513671875 0.103125 0.12109375
0 0.10703125 0.5322265625 0.2078125 0.166015625
0 0.3578125 0.4560546875 0.034375 0.041015625
0 0.278125 0.4609375 0.04375 0.0546875
0 0.38828125 0.4697265625 0.0515625 0.052734375
