1 0.2625 0.486328125 0.046875 0.15625
1 0.3171875 0.5048828125 0.04375 0.150390625
1 0.4453125 0.4990234375 0.059375 0.166015625
1 0.52578125 0.505859375 0.0484375 0.16796875
1 0.57578125 0.50390625 0.0578125 0.19140625
1 0.6421875 0.505859375 0.034375 0.16015625
1 0.7234375 0.533203125 0.071875 0.19140625
1 0.60859375 0.5478515625 0.1078125 0.263671875
1 0.83984375 0.537109375 0.0734375 0.23828125
1 0.8984375 0.53125 0.046875 0.21484375
2 0.934375 0.6103515625 0.078125 0.166015625
1 0.4859375 0.501953125 0.04375 0.171875
