0 0.02890625 0.5859375 0.0578125 0.19921875
0 0.040625 0.466796875 0.08125 0.12890625
0 0.1109375 0.4736328125 0.075 0.091796875
0 0.31015625 0.49609375 0.1140625 0.09375
0 0.378125 0.4873046875 0.05625 0.076171875
0 0.4203125 0.4716796875 0.05 0.056640625
0 0.4765625 0.4599609375 0.034375 0.041015625
0 0.81328125 0.482421875 0.1203125 0.09765625
0 0.91953125 0.4921875 0.1578125 0.09765625
0 0.865625 0.5859375 0.215625 0.1953125
1 0.71640625 0.521484375 0.0703125 0.21875
1 0.6390625 0.494140625 0.028125 0.12109375
1 0.334375 0.4404296875 0.028125 0.025390625
0 0.44140625 0.46875 0.0296875 0.0546875
0 0.45546875 0.466796875 0.0296875 0.05078125
0 0.59765625 0.453125 0.0265625 0.03125
0 0.4984375 0.45703125 0.01875 0.0234375
0 0.503125 0.447265625 0.025 0.03125
1 0.65859375 0.4833984375 0.0234375 0.107421875
