0 0.490625 0.5341796875 0.06875 0.087890625
0 0.51484375 0.51171875 0.0515625 0.0703125
0 0.4140625 0.5947265625 0.209375 0.212890625
1 0.25234375 0.501953125 0.0234375 0.05078125
1 0.6359375 0.5224609375 0.028125 0.064453125
1 0.70703125 0.515625 0.0265625 0.07421875
1 0.74375 0.513671875 0.028125 0.0703125
1 0.88828125 0.5048828125 0.0265625 0.037109375
1 0.85859375 0.5244140625 0.0265625 0.103515625
1 0.8140625 0.498046875 0.01875 0.0546875
1 0.9890625 0.5263671875 0.01875 0.091796875
1 0.34375 0.50390625 0.01875 0.0546875
