0 0.28515625 0.501953125 0.1046875 0.09375
0 0.34296875 0.4736328125 0.0734375 0.087890625
0 0.39609375 0.48046875 0.0484375 0.05078125
0 0.64765625 0.509765625 0.0828125 0.09765625
0 0.703125 0.5361328125 0.1125 0.138671875
0 0.796875 0.57421875 0.1875 0.203125
0 0.8953125 0.630859375 0.20625 0.4765625
1 0.5828125 0.478515625 0.025 0.0859375
0 0.08359375 0.5390625 0.1671875 0.25
0 0.1890625 0.509765625 0.165625 0.1484375
0 0.84765625 0.46484375 0.1078125 0.04296875
1 0.66953125 0.4541015625 0.0140625 0.017578125
1 0.659375 0.455078125 0.0125 0.01953125
0 0.61484375 0.490234375 0.0359375 0.06640625
0 0.41328125 0.46875 0.0421875 0.05078125
0 0.4359375 0.4716796875 0.01875 0.037109375
0 0.4671875 0.458984375 0.03125 0.03125
0 0.5671875 0.462890625 0.01875 0.03125
