0 0.31328125 0.4912109375 0.0859375 0.076171875
0 0.3703125 0.4736328125 0.05 0.060546875
0 0.4140625 0.4677734375 0.0625 0.060546875
0 0.0375 0.4775390625 0.075 0.146484375
0 0.615625 0.4892578125 0.065625 0.064453125
0 0.68125 0.5234375 0.103125 0.109375
0 0.73984375 0.5576171875 0.1546875 0.166015625
0 0.86015625 0.6162109375 0.2703125 0.251953125
0 0.946875 0.7509765625 0.090625 0.310546875
0 0.93203125 0.4765625 0.1171875 0.04296875
0 0.8625 0.4609375 0.121875 0.05859375
0 0.584375 0.478515625 0.040625 0.05078125
0 0.571875 0.46484375 0.0375 0.0390625
0 0.48203125 0.4560546875 0.0265625 0.025390625
0 0.640625 0.453125 0.0375 0.03125
