2 0.03125 0.521484375 0.0625 0.08203125
2 0.1328125 0.5 0.034375 0.05078125
2 0.1703125 0.5068359375 0.028125 0.068359375
2 0.2671875 0.5390625 0.0625 0.1171875
1 0.0359375 0.455078125 0.046875 0.13671875
1 0.1359375 0.44140625 0.040625 0.09375
1 0.1734375 0.4443359375 0.040625 0.119140625
1 0.259375 0.4736328125 0.065625 0.181640625
1 0.6765625 0.46875 0.040625 0.15234375
3 0.7453125 0.517578125 0.053125 0.0625
0 0.090625 0.453125 0.078125 0.09765625
0 0.46328125 0.42578125 0.0765625 0.08984375
0 0.48671875 0.455078125 0.0953125 0.11328125
0 0.41796875 0.423828125 0.0265625 0.0625
0 0.396875 0.404296875 0.03125 0.03515625
3 0.98671875 0.5380859375 0.0234375 0.037109375
