1 0.85234375 0.5009765625 0.0234375 0.091796875
1 0.82734375 0.4873046875 0.0234375 0.119140625
1 0.81015625 0.48828125 0.0234375 0.109375
1 0.7796875 0.4921875 0.028125 0.10546875
1 0.75703125 0.501953125 0.0234375 0.0859375
1 0.68359375 0.48828125 0.0203125 0.0546875
1 0.6609375 0.482421875 0.021875 0.07421875
1 0.63984375 0.4931640625 0.0203125 0.064453125
1 0.61875 0.48828125 0.01875 0.0546875
1 0.6078125 0.482421875 0.0125 0.0390625
1 0.6 0.4814453125 0.009375 0.025390625
1 0.5890625 0.46875 0.009375 0.02734375
0 0.50234375 0.533203125 0.2046875 0.19921875
