0 0.940625 0.482421875 0.1 0.0546875
0 0.871875 0.494140625 0.028125 0.03515625
1 0.875 0.45703125 0.009375 0.03125
1 0.8359375 0.4775390625 0.0125 0.044921875
1 0.8265625 0.48046875 0.009375 0.03125
0 0.71328125 0.4794921875 0.0203125 0.033203125
0 0.68359375 0.486328125 0.0546875 0.05859375
0 0.6515625 0.490234375 0.01875 0.0234375
0 0.61875 0.4892578125 0.03125 0.029296875
0 0.4671875 0.498046875 0.090625 0.078125
0 0.353125 0.498046875 0.103125 0.0546875
0 0.25703125 0.5 0.0671875 0.0625
0 0.2015625 0.49609375 0.028125 0.0546875
0 0.09765625 0.50390625 0.0421875 0.03515625
0 0.025 0.48828125 0.05 0.03515625
0 0.51796875 0.4912109375 0.0171875 0.037109375
