1 0.96015625 0.509765625 0.0765625 0.36328125
1 0.653125 0.474609375 0.021875 0.07421875
0 0.57734375 0.4912109375 0.0453125 0.072265625
0 0.47734375 0.5126953125 0.1609375 0.166015625
0 0.3875 0.4775390625 0.028125 0.029296875
0 0.3421875 0.48046875 0.03125 0.03515625
1 0.31484375 0.4853515625 0.0203125 0.056640625
1 0.2984375 0.486328125 0.01875 0.0546875
0 0.28046875 0.4814453125 0.0234375 0.064453125
1 0.26171875 0.48828125 0.0203125 0.0546875
1 0.18828125 0.486328125 0.0203125 0.05859375
1 0.0953125 0.4921875 0.021875 0.07421875
