0 0.3625 0.4775390625 0.075 0.072265625
0 0.62265625 0.484375 0.0546875 0.0625
0 0.67109375 0.4951171875 0.0921875 0.107421875
0 0.6859375 0.5244140625 0.09375 0.126953125
1 0.7265625 0.44921875 0.01875 0.03125
1 0.57421875 0.466796875 0.0234375 0.06640625
0 0.796875 0.5439453125 0.215625 0.208984375
1 0.43984375 0.4599609375 0.0203125 0.056640625
1 0.4515625 0.4609375 0.015625 0.0546875
0 0.13359375 0.4658203125 0.0546875 0.052734375
0 0.21875 0.50390625 0.1625 0.1484375
0 0.53359375 0.451171875 0.0234375 0.02734375
0 0.59921875 0.466796875 0.0484375 0.0546875
1 0.48515625 0.4560546875 0.0203125 0.044921875
1 0.73828125 0.4482421875 0.0140625 0.025390625
