1 0.16796875 0.4599609375 0.0296875 0.107421875
1 0.1953125 0.470703125 0.03125 0.08984375
1 0.3578125 0.458984375 0.01875 0.0546875
1 0.3359375 0.4560546875 0.021875 0.052734375
0 0.63828125 0.4814453125 0.0765625 0.068359375
0 0.87109375 0.619140625 0.2515625 0.34765625
1 0.7140625 0.474609375 0.01875 0.05078125
1 0.7046875 0.4736328125 0.01875 0.056640625
1 0.5765625 0.4609375 0.0125 0.03125
1 0.5625 0.4609375 0.0125 0.03515625
1 0.553125 0.4609375 0.015625 0.0390625
1 0.3765625 0.4609375 0.021875 0.0546875
1 0.3890625 0.4599609375 0.015625 0.044921875
1 0.434375 0.453125 0.0125 0.03515625
1 0.50625 0.458984375 0.01875 0.03515625
1 0.29296875 0.43359375 0.0203125 0.03125
