0 0.10546875 0.583984375 0.1984375 0.1640625
0 0.21484375 0.529296875 0.1265625 0.13671875
0 0.303125 0.49609375 0.08125 0.078125
1 0.3609375 0.48046875 0.021875 0.07421875
1 0.40859375 0.466796875 0.0234375 0.046875
0 0.66953125 0.5380859375 0.1265625 0.119140625
0 0.70859375 0.470703125 0.0671875 0.07421875
0 0.80625 0.5078125 0.128125 0.1015625
0 0.93125 0.529296875 0.134375 0.16015625
0 0.95859375 0.5654296875 0.0734375 0.130859375
0 0.6046875 0.46484375 0.028125 0.0390625
0 0.3765625 0.47265625 0.025 0.05859375
