1 0.4140625 0.4697265625 0.025 0.072265625
1 0.4328125 0.46484375 0.021875 0.07421875
1 0.57578125 0.470703125 0.0171875 0.08203125
1 0.5921875 0.48046875 0.0375 0.09765625
0 0.83828125 0.4814453125 0.1296875 0.107421875
0 0.9046875 0.7216796875 0.18125 0.451171875
0 0.3609375 0.48046875 0.0625 0.0625
0 0.30703125 0.474609375 0.0609375 0.08203125
0 0.28359375 0.5048828125 0.0671875 0.099609375
0 0.17734375 0.4990234375 0.1453125 0.123046875
0 0.121875 0.537109375 0.15 0.1171875
0 0.4953125 0.466796875 0.0625 0.0546875
0 0.6265625 0.4736328125 0.053125 0.076171875
0 0.5453125 0.462890625 0.021875 0.02734375
0 0.70234375 0.5048828125 0.1484375 0.138671875
0 0.38359375 0.4638671875 0.0546875 0.072265625
1 0.56328125 0.4775390625 0.0203125 0.091796875
