1 0.021875 0.484375 0.040625 0.12109375
1 0.05859375 0.4892578125 0.0421875 0.115234375
1 0.2109375 0.484375 0.03125 0.125
1 0.22890625 0.482421875 0.0296875 0.12109375
0 0.1734375 0.484375 0.0625 0.078125
0 0.25625 0.4794921875 0.059375 0.068359375
0 0.29453125 0.4755859375 0.0328125 0.056640625
0 0.4125 0.466796875 0.0375 0.04296875
1 0.70859375 0.4619140625 0.0234375 0.103515625
1 0.68203125 0.4716796875 0.0453125 0.115234375
1 0.81484375 0.470703125 0.0359375 0.125
1 0.7828125 0.4482421875 0.01875 0.072265625
1 0.86953125 0.4736328125 0.0328125 0.134765625
1 0.89765625 0.4677734375 0.0296875 0.138671875
1 0.7734375 0.484375 0.03125 0.1328125
1 0.7578125 0.4755859375 0.021875 0.119140625
1 0.4921875 0.4638671875 0.01875 0.033203125
