0 0.928125 0.4736328125 0.140625 0.103515625
0 0.85390625 0.470703125 0.0984375 0.07421875
1 0.6171875 0.4775390625 0.015625 0.048828125
1 0.60234375 0.46875 0.0171875 0.0625
1 0.5875 0.47265625 0.01875 0.0546875
0 0.54453125 0.4609375 0.0703125 0.04296875
0 0.46640625 0.453125 0.0265625 0.03125
0 0.41015625 0.44921875 0.0234375 0.0234375
0 0.38828125 0.4462890625 0.0265625 0.025390625
0 0.38359375 0.4609375 0.0296875 0.02734375
0 0.34453125 0.4697265625 0.0609375 0.064453125
0 0.30859375 0.4609375 0.0203125 0.03515625
0 0.2859375 0.466796875 0.034375 0.0390625
0 0.2609375 0.47265625 0.04375 0.046875
0 0.21015625 0.47265625 0.0734375 0.07421875
0 0.125 0.478515625 0.121875 0.09765625
0 0.034375 0.4658203125 0.0625 0.060546875
