0 0.1375 0.5263671875 0.18125 0.134765625
0 0.24375 0.4990234375 0.090625 0.083984375
0 0.31640625 0.48828125 0.0765625 0.0625
0 0.5828125 0.4765625 0.065625 0.05859375
0 0.74609375 0.486328125 0.0453125 0.05078125
1 0.69765625 0.4921875 0.0359375 0.10546875
1 0.51484375 0.4638671875 0.0171875 0.052734375
0 0.38671875 0.474609375 0.0421875 0.05078125
0 0.3515625 0.4765625 0.053125 0.0625
0 0.41640625 0.4638671875 0.0421875 0.041015625
0 0.44921875 0.4580078125 0.0203125 0.033203125
1 0.4859375 0.455078125 0.0125 0.03125
0 0.53125 0.4609375 0.01875 0.03515625
0 0.0125 0.5546875 0.025 0.09375
