0 0.84296875 0.5556640625 0.1109375 0.150390625
0 0.27734375 0.5185546875 0.1703125 0.123046875
0 0.36953125 0.494140625 0.0984375 0.109375
0 0.43046875 0.490234375 0.0546875 0.0625
0 0.4625 0.466796875 0.0375 0.0546875
2 0.76484375 0.6083984375 0.0453125 0.138671875
2 0.69140625 0.580078125 0.0390625 0.109375
1 0.6953125 0.521484375 0.0625 0.19921875
1 0.7671875 0.5322265625 0.059375 0.197265625
0 0.06484375 0.5146484375 0.1296875 0.134765625
0 0.6640625 0.4970703125 0.0375 0.060546875
0 0.64609375 0.484375 0.0359375 0.0390625
0 0.60625 0.46875 0.021875 0.02734375
0 0.5203125 0.466796875 0.028125 0.02734375
0 0.49453125 0.4677734375 0.0203125 0.037109375
