1 0.61640625 0.4697265625 0.0203125 0.072265625
1 0.63984375 0.462890625 0.0234375 0.09765625
1 0.659375 0.4697265625 0.021875 0.083984375
0 0.80859375 0.4638671875 0.0578125 0.068359375
0 0.925 0.44921875 0.146875 0.14453125
0 0.95 0.490234375 0.096875 0.12109375
1 0.16875 0.48828125 0.01875 0.0625
1 0.1140625 0.4912109375 0.021875 0.056640625
1 0.37578125 0.462890625 0.0109375 0.02734375
1 0.55 0.4580078125 0.015625 0.044921875
1 0.38203125 0.4619140625 0.0140625 0.029296875
0 0.4015625 0.4638671875 0.028125 0.029296875
0 0.72734375 0.4580078125 0.0359375 0.044921875
1 0.12734375 0.490234375 0.0203125 0.03125
