1 0.375 0.4208984375 0.04375 0.185546875
0 0.8515625 0.4521484375 0.29375 0.357421875
0 0.6828125 0.478515625 0.075 0.12109375
0 0.59765625 0.4404296875 0.1109375 0.107421875
0 0.01171875 0.486328125 0.0234375 0.09765625
0 0.07109375 0.455078125 0.1421875 0.12890625
0 0.15703125 0.4462890625 0.0796875 0.111328125
0 0.28125 0.44921875 0.053125 0.05078125
0 0.3078125 0.4462890625 0.025 0.044921875
0 0.3296875 0.4462890625 0.021875 0.037109375
0 0.5390625 0.447265625 0.028125 0.0546875
0 0.5203125 0.4443359375 0.025 0.041015625
0 0.50625 0.4423828125 0.021875 0.041015625
0 0.490625 0.4384765625 0.025 0.033203125
0 0.478125 0.4365234375 0.021875 0.029296875
0 0.46328125 0.4365234375 0.0203125 0.025390625
0 0.45 0.4404296875 0.021875 0.025390625
0 0.403125 0.4384765625 0.015625 0.021484375
