0 0.940625 0.4931640625 0.115625 0.162109375
0 0.78203125 0.484375 0.1734375 0.17578125
2 0.7078125 0.5791015625 0.0625 0.099609375
1 0.640625 0.5078125 0.065625 0.25390625
2 0.58359375 0.5751953125 0.0578125 0.099609375
0 0.56171875 0.46484375 0.0890625 0.12109375
0 0.4484375 0.5009765625 0.1375 0.134765625
1 0.3609375 0.4990234375 0.0375 0.177734375
1 0.3234375 0.5 0.04375 0.18359375
0 0.26640625 0.490234375 0.0765625 0.13671875
0 0.16875 0.494140625 0.146875 0.1328125
1 0.08515625 0.4833984375 0.0203125 0.138671875
1 0.0640625 0.49609375 0.03125 0.1640625
0 0.02734375 0.5029296875 0.0546875 0.111328125
