0 0.25078125 0.498046875 0.1234375 0.1015625
0 0.340625 0.4853515625 0.065625 0.064453125
0 0.39296875 0.466796875 0.0828125 0.0625
0 0.59453125 0.486328125 0.0484375 0.06640625
0 0.6328125 0.5 0.078125 0.0859375
0 0.765625 0.5693359375 0.203125 0.193359375
0 0.8703125 0.6640625 0.25 0.33203125
0 0.478125 0.4580078125 0.021875 0.029296875
0 0.6484375 0.453125 0.04375 0.03515625
0 0.72734375 0.4736328125 0.0609375 0.052734375
1 0.4578125 0.4619140625 0.01875 0.033203125
0 0.5734375 0.47265625 0.034375 0.0546875
0 0.9453125 0.474609375 0.09375 0.08203125
1 0.51875 0.4609375 0.01875 0.03125
