0 0.80546875 0.509765625 0.1421875 0.14453125
0 0.90546875 0.5390625 0.1546875 0.15234375
0 0.97734375 0.5625 0.0421875 0.14453125
0 0.31640625 0.4794921875 0.0671875 0.068359375
0 0.2640625 0.486328125 0.04375 0.09375
0 0.18671875 0.4931640625 0.1453125 0.126953125
0 0.05859375 0.5302734375 0.1171875 0.208984375
0 0.48046875 0.4541015625 0.0359375 0.033203125
1 0.73046875 0.4951171875 0.0265625 0.107421875
1 0.678125 0.4951171875 0.028125 0.107421875
1 0.4109375 0.4638671875 0.025 0.064453125
1 0.38203125 0.4658203125 0.0234375 0.060546875
1 0.87890625 0.4560546875 0.0203125 0.037109375
0 0.60859375 0.45703125 0.0234375 0.0390625
0 0.64296875 0.482421875 0.0265625 0.0546875
0 0.6578125 0.4716796875 0.025 0.060546875
0 0.59765625 0.458984375 0.0203125 0.046875
0 0.33828125 0.46875 0.0484375 0.0546875
1 0.5125 0.4541015625 0.0125 0.029296875
1 0.50078125 0.455078125 0.0140625 0.03515625
1 0.4328125 0.4580078125 0.0125 0.037109375
0 0.71015625 0.4931640625 0.0265625 0.060546875
