1 0.6640625 0.4521484375 0.01875 0.044921875
1 0.8328125 0.4853515625 0.0375 0.115234375
1 0.76953125 0.451171875 0.0203125 0.0390625
1 0.8921875 0.4970703125 0.040625 0.126953125
1 0.3796875 0.6298828125 0.084375 0.322265625
0 0.5703125 0.458984375 0.0625 0.0625
0 0.4828125 0.4755859375 0.071875 0.083984375
0 0.4265625 0.4345703125 0.034375 0.033203125
0 0.53984375 0.4580078125 0.0265625 0.044921875
1 0.35859375 0.4462890625 0.0203125 0.041015625
1 0.99140625 0.482421875 0.0140625 0.10546875
0 0.5140625 0.4384765625 0.025 0.044921875
1 0.15859375 0.470703125 0.0203125 0.0859375
