0 0.09375 0.5908203125 0.1875 0.185546875
0 0.19921875 0.5380859375 0.1078125 0.115234375
0 0.2515625 0.509765625 0.084375 0.08984375
0 0.30703125 0.4931640625 0.0703125 0.068359375
0 0.33984375 0.47265625 0.0609375 0.0703125
0 0.396875 0.447265625 0.040625 0.0390625
0 0.56328125 0.46875 0.0484375 0.07421875
0 0.5984375 0.478515625 0.071875 0.078125
0 0.621875 0.501953125 0.09375 0.09765625
0 0.70859375 0.4599609375 0.0359375 0.056640625
0 0.88984375 0.4619140625 0.0921875 0.099609375
0 0.95 0.4501953125 0.0375 0.052734375
0 0.434375 0.44140625 0.028125 0.0234375
0 0.4765625 0.4267578125 0.01875 0.021484375
0 0.5390625 0.451171875 0.028125 0.046875
0 0.52890625 0.443359375 0.0296875 0.03125
1 0.45625 0.4326171875 0.015625 0.029296875
1 0.4921875 0.4296875 0.015625 0.02734375
