0 0.225 0.482421875 0.1375 0.0546875
0 0.303125 0.4638671875 0.05 0.044921875
0 0.2703125 0.453125 0.078125 0.046875
0 0.365625 0.4892578125 0.075 0.091796875
0 0.421875 0.4765625 0.046875 0.04296875
0 0.33359375 0.5087890625 0.0734375 0.095703125
0 0.28515625 0.5322265625 0.1046875 0.107421875
0 0.2171875 0.568359375 0.153125 0.1484375
0 0.12109375 0.630859375 0.1859375 0.22265625
0 0.02890625 0.6748046875 0.0578125 0.294921875
0 0.13203125 0.462890625 0.0859375 0.05078125
1 0.675 0.52734375 0.034375 0.14453125
1 0.65625 0.5341796875 0.03125 0.126953125
1 0.62890625 0.52734375 0.0328125 0.13671875
0 0.78203125 0.5751953125 0.1734375 0.146484375
0 0.7265625 0.53125 0.096875 0.1171875
0 0.59765625 0.4609375 0.0421875 0.046875
0 0.53984375 0.45703125 0.0328125 0.0390625
0 0.44921875 0.4609375 0.0296875 0.03515625
0 0.475 0.458984375 0.021875 0.03125
