1 0.71484375 0.4501953125 0.0296875 0.087890625
1 0.07890625 0.451171875 0.0328125 0.0859375
1 0.8390625 0.435546875 0.028125 0.03515625
1 0.5140625 0.4501953125 0.015625 0.060546875
1 0.7640625 0.4345703125 0.025 0.044921875
1 0.79296875 0.4345703125 0.0234375 0.041015625
1 0.86484375 0.4345703125 0.0234375 0.037109375
0 0.32109375 0.4609375 0.0671875 0.0703125
0 0.38359375 0.447265625 0.0203125 0.01953125
1 0.36015625 0.466796875 0.0140625 0.0546875
1 0.25234375 0.4453125 0.0203125 0.07421875
