1 0.77421875 0.474609375 0.0234375 0.12109375
1 0.74296875 0.4658203125 0.0296875 0.134765625
1 0.5015625 0.45703125 0.01875 0.0546875
1 0.484375 0.4541015625 0.015625 0.056640625
0 0.34296875 0.451171875 0.0203125 0.02734375
0 0.28984375 0.4599609375 0.0453125 0.052734375
0 0.25234375 0.4462890625 0.0296875 0.029296875
0 0.21484375 0.4453125 0.0421875 0.02734375
0 0.1734375 0.439453125 0.021875 0.0234375
0 0.1328125 0.4267578125 0.046875 0.029296875
0 0.146875 0.4814453125 0.08125 0.068359375
0 0.06875 0.4248046875 0.071875 0.037109375
0 0.0515625 0.4697265625 0.103125 0.134765625
