1 0.5375 0.4609375 0.025 0.05859375
1 0.27265625 0.4541015625 0.0203125 0.060546875
1 0.2890625 0.4638671875 0.021875 0.056640625
0 0.58046875 0.646484375 0.2796875 0.30078125
1 0.89453125 0.4716796875 0.0234375 0.095703125
1 0.92109375 0.4697265625 0.0265625 0.091796875
1 0.75703125 0.4521484375 0.0203125 0.025390625
0 0.55546875 0.4482421875 0.0296875 0.033203125
0 0.51640625 0.4521484375 0.0234375 0.041015625
0 0.4953125 0.435546875 0.03125 0.02734375
1 0.79921875 0.4697265625 0.0203125 0.060546875
