0 0.1796875 0.5068359375 0.203125 0.146484375
0 0.309375 0.45703125 0.05 0.0390625
0 0.81484375 0.4970703125 0.2859375 0.044921875
0 0.85234375 0.4658203125 0.1203125 0.044921875
0 0.5171875 0.49609375 0.090625 0.08203125
0 0.47890625 0.4765625 0.0515625 0.0625
0 0.40234375 0.4619140625 0.0296875 0.029296875
1 0.2265625 0.416015625 0.025 0.0390625
1 0.2015625 0.419921875 0.025 0.02734375
0 0.26796875 0.4619140625 0.0359375 0.056640625
0 0.3390625 0.4560546875 0.025 0.033203125
1 0.43203125 0.4619140625 0.0140625 0.037109375
1 0.3765625 0.45703125 0.015625 0.0390625
0 0.4640625 0.4609375 0.040625 0.0546875
0 0.73359375 0.5478515625 0.1171875 0.052734375
