0 0.89453125 0.5146484375 0.2078125 0.388671875
0 0.78984375 0.4990234375 0.1703125 0.177734375
0 0.61171875 0.4921875 0.0671875 0.0703125
0 0.51875 0.5 0.021875 0.0234375
0 0.4734375 0.4931640625 0.040625 0.044921875
0 0.4421875 0.501953125 0.01875 0.03125
0 0.4265625 0.5009765625 0.021875 0.033203125
0 0.40390625 0.4970703125 0.0203125 0.041015625
0 0.3515625 0.4990234375 0.053125 0.048828125
0 0.2828125 0.5009765625 0.084375 0.076171875
1 0.078125 0.505859375 0.025 0.12890625
0 0.1640625 0.50390625 0.15 0.1484375
0 0.575 0.4951171875 0.01875 0.052734375
