1 0.8359375 0.513671875 0.046875 0.13671875
1 0.778125 0.5244140625 0.021875 0.037109375
1 0.7109375 0.45703125 0.01875 0.03515625
0 0.6015625 0.453125 0.05625 0.0546875
0 0.5671875 0.4404296875 0.025 0.037109375
0 0.559375 0.4296875 0.034375 0.046875
0 0.5375 0.4287109375 0.01875 0.033203125
0 0.51875 0.431640625 0.021875 0.02734375
0 0.46953125 0.4375 0.0203125 0.015625
0 0.45078125 0.4365234375 0.0234375 0.025390625
0 0.428125 0.4306640625 0.01875 0.029296875
0 0.4078125 0.4306640625 0.03125 0.037109375
1 0.375 0.4482421875 0.021875 0.087890625
0 0.32578125 0.4638671875 0.0765625 0.091796875
0 0.1421875 0.5849609375 0.284375 0.400390625
