1 0.5875 0.509765625 0.028125 0.07421875
1 0.665625 0.51171875 0.021875 0.0703125
1 0.6875 0.5078125 0.025 0.0625
1 0.71640625 0.509765625 0.0234375 0.06640625
1 0.7453125 0.51171875 0.028125 0.078125
1 0.8 0.513671875 0.021875 0.078125
0 0.49296875 0.54296875 0.1203125 0.1171875
0 0.39765625 0.4990234375 0.0359375 0.041015625
0 0.10625 0.609375 0.2125 0.26171875
1 0.11640625 0.470703125 0.0234375 0.02734375
1 0.140625 0.4736328125 0.01875 0.025390625
1 0.165625 0.4794921875 0.025 0.033203125
1 0.18203125 0.4931640625 0.0203125 0.041015625
