2 0.3125 0.7119140625 0.040625 0.138671875
1 0.7125 0.6015625 0.078125 0.27734375
1 0.3109375 0.6298828125 0.084375 0.279296875
0 0.26328125 0.51953125 0.0765625 0.08984375
0 0.3625 0.490234375 0.065625 0.0703125
0 0.409375 0.466796875 0.040625 0.046875
0 0.48203125 0.4609375 0.0453125 0.03125
0 0.6421875 0.501953125 0.078125 0.1171875
0 0.7546875 0.55859375 0.0625 0.1328125
0 0.66015625 0.55078125 0.0515625 0.1171875
0 0.9578125 0.8515625 0.078125 0.22265625
0 0.79296875 0.4921875 0.1234375 0.0703125
0 0.77734375 0.443359375 0.0484375 0.02734375
0 0.93046875 0.4755859375 0.1328125 0.087890625
0 0.95 0.494140625 0.096875 0.078125
0 0.6015625 0.4794921875 0.065625 0.072265625
0 0.57109375 0.46484375 0.0265625 0.04296875
0 0.228125 0.5 0.103125 0.0703125
0 0.434375 0.4599609375 0.021875 0.044921875
0 0.44140625 0.458984375 0.0296875 0.04296875
