0 0.059375 0.513671875 0.11875 0.12109375
0 0.38515625 0.466796875 0.0453125 0.03515625
0 0.3984375 0.46484375 0.034375 0.03515625
1 0.65703125 0.509765625 0.0359375 0.125
1 0.09453125 0.4609375 0.0296875 0.0390625
0 0.48984375 0.466796875 0.0203125 0.02734375
0 0.4625 0.466796875 0.025 0.0234375
0 0.5109375 0.46875 0.01875 0.01953125
1 0.534375 0.4619140625 0.0125 0.041015625
1 0.55625 0.4638671875 0.015625 0.037109375
1 0.58125 0.4697265625 0.0125 0.029296875
2 0.6578125 0.5390625 0.01875 0.078125
1 0.61640625 0.470703125 0.0296875 0.05859375
