0 0.80859375 0.4638671875 0.0609375 0.072265625
0 0.9234375 0.4501953125 0.146875 0.146484375
0 0.95234375 0.4892578125 0.0921875 0.119140625
1 0.7625 0.4814453125 0.0375 0.162109375
1 0.7375 0.486328125 0.034375 0.15234375
1 0.71953125 0.478515625 0.0296875 0.15625
1 0.6859375 0.4775390625 0.040625 0.162109375
1 0.3359375 0.4765625 0.01875 0.0546875
1 0.3125 0.48046875 0.0125 0.05078125
1 0.1109375 0.49609375 0.03125 0.05859375
1 0.65390625 0.4482421875 0.0265625 0.064453125
1 0.634375 0.458984375 0.025 0.06640625
1 0.6125 0.4619140625 0.028125 0.068359375
1 0.6 0.46484375 0.021875 0.06640625
1 0.3234375 0.4775390625 0.009375 0.056640625
