0 0.66328125 0.458984375 0.1359375 0.14453125
0 0.5984375 0.4482421875 0.040625 0.087890625
0 0.5765625 0.43359375 0.025 0.046875
0 0.55 0.4248046875 0.01875 0.033203125
0 0.5046875 0.4375 0.0625 0.07421875
0 0.4625 0.423828125 0.01875 0.0234375
0 0.440625 0.4306640625 0.034375 0.037109375
0 0.396875 0.4423828125 0.025 0.060546875
0 0.3515625 0.4541015625 0.06875 0.076171875
0 0.278125 0.462890625 0.078125 0.09375
0 0.2078125 0.482421875 0.10625 0.12109375
0 0.090625 0.5068359375 0.18125 0.181640625
