0 0.075 0.59765625 0.15 0.296875
0 0.18125 0.55859375 0.11875 0.12890625
0 0.25390625 0.5283203125 0.0921875 0.095703125
0 0.31171875 0.5048828125 0.0671875 0.072265625
1 0.36640625 0.4970703125 0.0265625 0.083984375
0 0.33515625 0.46484375 0.0578125 0.03515625
0 0.6109375 0.482421875 0.075 0.06640625
0 0.6171875 0.5 0.046875 0.0703125
0 0.65625 0.517578125 0.096875 0.09375
0 0.7421875 0.578125 0.175 0.17578125
0 0.375 0.4833984375 0.034375 0.056640625
0 0.39296875 0.4697265625 0.0328125 0.052734375
0 0.42734375 0.45703125 0.0296875 0.03515625
0 0.440625 0.451171875 0.028125 0.03515625
0 0.57578125 0.4697265625 0.0328125 0.056640625
1 0.53125 0.4462890625 0.01875 0.037109375
1 0.5171875 0.4482421875 0.01875 0.029296875
