0 0.9296875 0.4326171875 0.09375 0.119140625
0 0.840625 0.4521484375 0.05 0.076171875
1 0.79921875 0.462890625 0.0328125 0.15625
1 0.765625 0.453125 0.034375 0.0859375
1 0.728125 0.4423828125 0.03125 0.087890625
1 0.696875 0.478515625 0.0125 0.12890625
1 0.6390625 0.451171875 0.021875 0.08984375
1 0.58671875 0.466796875 0.0171875 0.08203125
1 0.57578125 0.46484375 0.0109375 0.08203125
0 0.45546875 0.4619140625 0.0265625 0.029296875
0 0.4453125 0.453125 0.0125 0.01953125
0 0.428125 0.453125 0.0125 0.015625
0 0.40390625 0.4560546875 0.0140625 0.021484375
0 0.38671875 0.4560546875 0.0109375 0.021484375
0 0.37578125 0.4599609375 0.0109375 0.021484375
0 0.36484375 0.4638671875 0.0140625 0.021484375
0 0.3515625 0.4677734375 0.021875 0.029296875
0 0.33515625 0.4697265625 0.0203125 0.029296875
0 0.29765625 0.47265625 0.0640625 0.05859375
1 0.03515625 0.482421875 0.0203125 0.07421875
