1 0.4734375 0.455078125 0.040625 0.13671875
0 0.69453125 0.470703125 0.2171875 0.19921875
0 0.9734375 0.470703125 0.046875 0.08984375
0 0.54921875 0.4482421875 0.0828125 0.080078125
0 0.02265625 0.4912109375 0.0453125 0.142578125
0 0.08203125 0.4794921875 0.1171875 0.099609375
0 0.15625 0.4619140625 0.09375 0.103515625
0 0.2125 0.4609375 0.046875 0.0859375
0 0.31328125 0.4521484375 0.0203125 0.044921875
0 0.334375 0.4501953125 0.021875 0.041015625
0 0.3515625 0.4462890625 0.0125 0.029296875
0 0.578125 0.4990234375 0.025 0.052734375
0 0.5046875 0.4560546875 0.021875 0.044921875
0 0.4515625 0.4453125 0.01875 0.0234375
0 0.4375 0.4453125 0.0125 0.01953125
0 0.39375 0.4453125 0.01875 0.01953125
0 0.38125 0.4453125 0.015625 0.01953125
0 0.3671875 0.4443359375 0.01875 0.029296875
0 0.28984375 0.4560546875 0.0453125 0.041015625
