2 0.70859375 0.66015625 0.0984375 0.2265625
2 0.590625 0.533203125 0.028125 0.1171875
2 0.4765625 0.5390625 0.025 0.12109375
2 0.3640625 0.564453125 0.025 0.15234375
2 0.0125 0.505859375 0.025 0.0859375
0 0.26484375 0.47265625 0.0703125 0.06640625
1 0.1703125 0.4482421875 0.03125 0.048828125
1 0.83515625 0.4208984375 0.0296875 0.029296875
1 0.81484375 0.4208984375 0.0203125 0.025390625
1 0.43046875 0.4560546875 0.0171875 0.056640625
1 0.30546875 0.453125 0.0234375 0.046875
1 0.71328125 0.48046875 0.1203125 0.36328125
1 0.5890625 0.4638671875 0.046875 0.208984375
1 0.475 0.4755859375 0.04375 0.197265625
1 0.36328125 0.490234375 0.0578125 0.23828125
2 0.17734375 0.49609375 0.0234375 0.04296875
