1 0.60859375 0.4755859375 0.0265625 0.083984375
1 0.63515625 0.462890625 0.0265625 0.10546875
1 0.109375 0.4921875 0.01875 0.06640625
1 0.08828125 0.47265625 0.0265625 0.03125
0 0.80859375 0.462890625 0.0578125 0.078125
0 0.92421875 0.421875 0.1484375 0.08984375
0 0.8890625 0.5146484375 0.215625 0.197265625
1 0.59140625 0.462890625 0.0203125 0.05859375
1 0.57578125 0.4609375 0.0203125 0.0625
1 0.553125 0.458984375 0.01875 0.05078125
0 0.728125 0.458984375 0.0375 0.05859375
0 0.4578125 0.4619140625 0.040625 0.025390625
1 0.37890625 0.462890625 0.0109375 0.03125
1 0.421875 0.4599609375 0.0125 0.029296875
1 0.1265625 0.490234375 0.01875 0.0390625
