0 0.934375 0.4638671875 0.075 0.103515625
0 0.9046875 0.44140625 0.146875 0.125
0 0.74453125 0.4384765625 0.0609375 0.072265625
0 0.48203125 0.4326171875 0.0828125 0.064453125
0 0.53046875 0.435546875 0.0265625 0.05078125
0 0.55703125 0.4375 0.0328125 0.0390625
0 0.58828125 0.4306640625 0.0453125 0.041015625
1 0.6625 0.4375 0.025 0.078125
1 0.6515625 0.4287109375 0.025 0.083984375
1 0.6953125 0.4521484375 0.04375 0.115234375
0 0.1609375 0.4228515625 0.13125 0.115234375
0 0.2515625 0.4248046875 0.0375 0.095703125
0 0.63515625 0.4287109375 0.0265625 0.033203125
0 0.6125 0.4296875 0.021875 0.03515625
