0 0.0171875 0.5009765625 0.034375 0.177734375
0 0.04140625 0.4775390625 0.0671875 0.134765625
0 0.07734375 0.4833984375 0.0859375 0.146484375
0 0.140625 0.4853515625 0.046875 0.083984375
0 0.15546875 0.44140625 0.0734375 0.06640625
0 0.284375 0.5703125 0.325 0.31640625
0 0.43203125 0.478515625 0.0484375 0.0859375
0 0.45390625 0.4765625 0.0421875 0.0859375
0 0.4921875 0.4765625 0.075 0.1015625
0 0.55859375 0.4833984375 0.0859375 0.123046875
0 0.6484375 0.4892578125 0.159375 0.134765625
0 0.95 0.51953125 0.0875 0.36328125
1 0.8328125 0.5419921875 0.08125 0.349609375
1 0.7578125 0.5419921875 0.06875 0.365234375
