2 0.4484375 0.5400390625 0.021875 0.068359375
1 0.5390625 0.5068359375 0.040625 0.119140625
1 0.4515625 0.5009765625 0.040625 0.115234375
1 0.42421875 0.46484375 0.0203125 0.046875
0 0.734375 0.5966796875 0.1875 0.181640625
0 0.68984375 0.5166015625 0.1296875 0.150390625
0 0.62421875 0.49609375 0.0890625 0.1171875
0 0.2046875 0.521484375 0.153125 0.1328125
0 0.29921875 0.5126953125 0.0484375 0.091796875
0 0.3296875 0.5029296875 0.040625 0.072265625
0 0.3484375 0.4921875 0.028125 0.05078125
0 0.36015625 0.4697265625 0.0515625 0.060546875
0 0.29921875 0.4462890625 0.0484375 0.037109375
0 0.403125 0.46484375 0.03125 0.04296875
0 0.48046875 0.4462890625 0.0265625 0.025390625
0 0.5875 0.4921875 0.04375 0.078125
