1 0.68125 0.482421875 0.053125 0.140625
1 0.3203125 0.4697265625 0.053125 0.146484375
1 0.19921875 0.453125 0.0359375 0.125
1 0.1640625 0.4560546875 0.0375 0.107421875
1 0.090625 0.458984375 0.0375 0.1015625
2 0.325 0.515625 0.040625 0.08984375
2 0.19609375 0.4931640625 0.0296875 0.072265625
2 0.16171875 0.4921875 0.0296875 0.06640625
2 0.0984375 0.5029296875 0.040625 0.064453125
0 0.4765625 0.4697265625 0.090625 0.091796875
0 0.45390625 0.4443359375 0.0734375 0.083984375
0 0.39609375 0.4169921875 0.0328125 0.037109375
3 0.74375 0.5341796875 0.04375 0.064453125
3 0.9609375 0.552734375 0.0375 0.04296875
0 0.2296875 0.40625 0.04375 0.06640625
0 0.021875 0.4169921875 0.04375 0.076171875
