0 0.7640625 0.5380859375 0.184375 0.169921875
0 0.64609375 0.5166015625 0.1046875 0.103515625
1 0.58046875 0.4599609375 0.0171875 0.056640625
0 0.53046875 0.4912109375 0.0609375 0.072265625
0 0.50625 0.4453125 0.03125 0.04296875
0 0.44609375 0.435546875 0.0359375 0.0390625
0 0.48203125 0.421875 0.0234375 0.03515625
0 0.4125 0.3984375 0.021875 0.03515625
0 0.3921875 0.431640625 0.025 0.03515625
0 0.3703125 0.44921875 0.0375 0.046875
0 0.346875 0.4189453125 0.028125 0.029296875
0 0.18671875 0.4931640625 0.0734375 0.083984375
0 0.1203125 0.501953125 0.0875 0.09765625
0 0.0578125 0.5126953125 0.115625 0.111328125
