0 0.06015625 0.6044921875 0.1203125 0.185546875
0 0.13984375 0.54296875 0.1484375 0.15234375
0 0.2296875 0.5205078125 0.06875 0.091796875
0 0.27265625 0.50390625 0.0703125 0.08203125
0 0.29609375 0.4853515625 0.0609375 0.076171875
0 0.3609375 0.5107421875 0.0875 0.091796875
0 0.40390625 0.46875 0.0546875 0.06640625
0 0.87578125 0.7890625 0.2359375 0.41015625
0 0.784375 0.6181640625 0.240625 0.212890625
0 0.67265625 0.56640625 0.1453125 0.15234375
0 0.43515625 0.4599609375 0.0296875 0.056640625
0 0.48125 0.44140625 0.03125 0.0390625
1 0.49765625 0.4609375 0.0203125 0.05078125
0 0.61875 0.5078125 0.1125 0.125
0 0.56796875 0.494140625 0.0328125 0.06640625
0 0.55859375 0.484375 0.0484375 0.0625
1 0.97265625 0.4296875 0.0140625 0.04296875
1 0.95859375 0.4228515625 0.0140625 0.037109375
0 0.6625 0.4375 0.059375 0.02734375
