1 0.96328125 0.560546875 0.0703125 0.34765625
0 0.9 0.5556640625 0.059375 0.068359375
0 0.7109375 0.5078125 0.084375 0.0859375
0 0.6609375 0.494140625 0.059375 0.06640625
0 0.540625 0.46875 0.028125 0.02734375
0 0.52109375 0.4609375 0.0234375 0.0234375
0 0.478125 0.45703125 0.025 0.0234375
0 0.4265625 0.4599609375 0.021875 0.033203125
0 0.39296875 0.4638671875 0.0484375 0.056640625
1 0.3078125 0.46875 0.025 0.0703125
1 0.2875 0.470703125 0.021875 0.08203125
1 0.240625 0.474609375 0.028125 0.078125
1 0.21171875 0.47265625 0.0203125 0.08203125
1 0.1875 0.4677734375 0.01875 0.080078125
1 0.12890625 0.4765625 0.0265625 0.109375
1 0.0984375 0.4697265625 0.028125 0.115234375
0 0.03515625 0.4619140625 0.0703125 0.087890625
1 0.634375 0.4794921875 0.021875 0.033203125
