0 0.57109375 0.4619140625 0.0609375 0.052734375
0 0.4796875 0.470703125 0.0625 0.0703125
0 0.4234375 0.439453125 0.03125 0.03515625
1 0.6640625 0.451171875 0.01875 0.046875
1 0.49453125 0.6455078125 0.0765625 0.322265625
1 0.78671875 0.453125 0.0234375 0.05078125
1 0.771875 0.4521484375 0.01875 0.037109375
1 0.915625 0.5029296875 0.05 0.130859375
1 0.35234375 0.44921875 0.0203125 0.03515625
0 0.51484375 0.435546875 0.0265625 0.03515625
0 0.540625 0.458984375 0.028125 0.04296875
1 0.79375 0.48828125 0.028125 0.09375
