1 0.98046875 0.5224609375 0.0359375 0.099609375
1 0.68125 0.55078125 0.05 0.12890625
1 0.58203125 0.478515625 0.0234375 0.08984375
1 0.525 0.4794921875 0.034375 0.091796875
0 0.9265625 0.71484375 0.1375 0.2578125
0 0.8765625 0.5908203125 0.19375 0.185546875
0 0.7125 0.5390625 0.075 0.14453125
0 0.378125 0.49609375 0.096875 0.11328125
0 0.32890625 0.5283203125 0.0890625 0.115234375
0 0.23203125 0.56640625 0.1828125 0.15625
0 0.04453125 0.69921875 0.0859375 0.25390625
0 0.42734375 0.4833984375 0.0234375 0.056640625
0 0.771875 0.5537109375 0.1125 0.119140625
0 0.66875 0.4970703125 0.053125 0.064453125
0 0.65078125 0.486328125 0.0421875 0.05859375
0 0.63984375 0.48046875 0.0421875 0.06640625
0 0.56875 0.4580078125 0.025 0.033203125
0 0.49375 0.4541015625 0.03125 0.033203125
0 0.44765625 0.4833984375 0.0328125 0.060546875
0 0.4671875 0.4697265625 0.028125 0.044921875
2 0.52578125 0.5068359375 0.0203125 0.052734375
