1 0.7515625 0.525390625 0.06875 0.23828125
1 0.6484375 0.4931640625 0.034375 0.130859375
1 0.303125 0.4345703125 0.028125 0.033203125
0 0.90234375 0.615234375 0.1859375 0.2421875
0 0.9140625 0.4931640625 0.16875 0.130859375
0 0.26796875 0.5009765625 0.1328125 0.107421875
0 0.3546875 0.490234375 0.06875 0.0859375
0 0.40390625 0.4716796875 0.0484375 0.072265625
0 0.4375 0.4609375 0.034375 0.05859375
0 0.47265625 0.455078125 0.0421875 0.046875
0 0.69765625 0.4638671875 0.0484375 0.044921875
0 0.82578125 0.4814453125 0.0734375 0.095703125
0 0.4921875 0.4501953125 0.025 0.029296875
0 0.4953125 0.44140625 0.028125 0.03125
0 0.5953125 0.4482421875 0.028125 0.029296875
1 0.66328125 0.466796875 0.0234375 0.078125
