0 0.24609375 0.4794921875 0.0671875 0.052734375
0 0.296875 0.4736328125 0.040625 0.044921875
0 0.359375 0.466796875 0.028125 0.02734375
2 0.83671875 0.515625 0.0828125 0.10546875
2 0.77109375 0.5185546875 0.0640625 0.134765625
2 0.66171875 0.5 0.0234375 0.078125
1 0.571875 0.4423828125 0.015625 0.029296875
1 0.15078125 0.4765625 0.0234375 0.0859375
1 0.484375 0.4658203125 0.015625 0.041015625
2 0.73515625 0.5234375 0.0234375 0.11328125
2 0.70703125 0.5234375 0.0484375 0.1015625
2 0.64140625 0.501953125 0.0234375 0.08203125
2 0.6046875 0.494140625 0.021875 0.0625
1 0.58125 0.482421875 0.0125 0.05078125
0 0.33046875 0.470703125 0.0296875 0.03125
1 0.19609375 0.4677734375 0.0265625 0.044921875
2 0.19296875 0.50390625 0.0421875 0.03515625
2 0.0734375 0.5263671875 0.0375 0.060546875
2 0.0421875 0.51171875 0.028125 0.0625
