0 0.0515625 0.5048828125 0.103125 0.158203125
0 0.11328125 0.49609375 0.1609375 0.13671875
0 0.184375 0.4814453125 0.078125 0.076171875
0 0.26484375 0.4609375 0.0546875 0.0390625
0 0.46875 0.4775390625 0.046875 0.064453125
0 0.6890625 0.4853515625 0.1875 0.138671875
0 0.70859375 0.5234375 0.1015625 0.13671875
0 0.81484375 0.5078125 0.1203125 0.203125
0 0.9078125 0.52734375 0.175 0.28515625
1 0.5640625 0.4921875 0.046875 0.15234375
1 0.51171875 0.490234375 0.0453125 0.1484375
1 0.39921875 0.4736328125 0.0234375 0.060546875
1 0.38125 0.4716796875 0.025 0.060546875
1 0.340625 0.4697265625 0.025 0.060546875
0 0.603125 0.4755859375 0.05625 0.095703125
