1 0.23203125 0.5498046875 0.0546875 0.193359375
1 0.2734375 0.5439453125 0.028125 0.150390625
1 0.3140625 0.5322265625 0.05 0.158203125
0 0.0765625 0.6962890625 0.15 0.244140625
0 0.090625 0.5791015625 0.178125 0.185546875
0 0.18828125 0.5595703125 0.0703125 0.142578125
0 0.3421875 0.482421875 0.065625 0.06640625
0 0.390625 0.4638671875 0.0375 0.041015625
0 0.55078125 0.4580078125 0.0421875 0.041015625
0 0.5828125 0.4716796875 0.05625 0.068359375
0 0.60859375 0.49609375 0.0796875 0.07421875
1 0.73984375 0.482421875 0.0296875 0.05078125
1 0.68203125 0.46875 0.0265625 0.046875
1 0.65859375 0.47265625 0.0203125 0.0625
0 0.69921875 0.548828125 0.1390625 0.12109375
0 0.8859375 0.69921875 0.225 0.3046875
0 0.93984375 0.5 0.1171875 0.109375
0 0.89921875 0.4892578125 0.0546875 0.068359375
0 0.2375 0.466796875 0.109375 0.046875
0 0.375 0.4794921875 0.040625 0.052734375
0 0.4234375 0.4521484375 0.021875 0.029296875
0 0.43828125 0.4423828125 0.0234375 0.025390625
