0 0.8078125 0.4609375 0.05625 0.07421875
0 0.92421875 0.4482421875 0.1453125 0.138671875
1 0.984375 0.5166015625 0.028125 0.216796875
1 0.93125 0.572265625 0.1125 0.33984375
1 0.70859375 0.466796875 0.0328125 0.1171875
1 0.64140625 0.44140625 0.0328125 0.078125
0 0.52265625 0.5361328125 0.3859375 0.177734375
1 0.128125 0.48828125 0.01875 0.03515625
1 0.44921875 0.4541015625 0.0234375 0.037109375
1 0.1125 0.4951171875 0.021875 0.044921875
0 0.7328125 0.4609375 0.028125 0.06640625
1 0.68828125 0.421875 0.0171875 0.02734375
1 0.675 0.4248046875 0.01875 0.037109375
