0 0.95625 0.5390625 0.084375 0.1875
0 0.73359375 0.5126953125 0.0484375 0.083984375
1 0.70859375 0.5166015625 0.0265625 0.103515625
1 0.6875 0.517578125 0.01875 0.0859375
0 0.66015625 0.49609375 0.0359375 0.0703125
1 0.62265625 0.5087890625 0.0203125 0.091796875
0 0.57265625 0.4873046875 0.0328125 0.033203125
0 0.54296875 0.46875 0.0265625 0.02734375
0 0.52734375 0.4677734375 0.0234375 0.025390625
0 0.4984375 0.4609375 0.021875 0.0234375
0 0.46484375 0.45703125 0.0171875 0.015625
0 0.428125 0.46875 0.01875 0.03125
0 0.396875 0.4716796875 0.053125 0.060546875
1 0.3515625 0.4541015625 0.0125 0.029296875
1 0.33203125 0.4609375 0.0140625 0.04296875
1 0.303125 0.4501953125 0.021875 0.041015625
0 0.0453125 0.515625 0.090625 0.140625
