1 0.41015625 0.484375 0.0453125 0.140625
1 0.8578125 0.46875 0.025 0.14453125
1 0.875 0.4697265625 0.025 0.130859375
1 0.9046875 0.4697265625 0.040625 0.146484375
1 0.790625 0.4697265625 0.034375 0.126953125
0 0.18984375 0.48046875 0.0953125 0.08984375
0 0.25625 0.4775390625 0.053125 0.072265625
0 0.29453125 0.474609375 0.0265625 0.0546875
0 0.3734375 0.4677734375 0.028125 0.029296875
1 0.771875 0.478515625 0.03125 0.13671875
1 0.75703125 0.4697265625 0.0234375 0.119140625
1 0.7015625 0.4580078125 0.028125 0.103515625
1 0.01171875 0.4453125 0.0203125 0.03125
2 0.01875 0.4873046875 0.0375 0.037109375
