1 0.88515625 0.5107421875 0.0578125 0.197265625
1 0.7609375 0.431640625 0.01875 0.046875
0 0.49296875 0.5068359375 0.1140625 0.123046875
1 0.32578125 0.4765625 0.0109375 0.0234375
1 0.31328125 0.4775390625 0.0078125 0.025390625
1 0.30625 0.4794921875 0.009375 0.025390625
1 0.2875 0.474609375 0.009375 0.03515625
1 0.27421875 0.4775390625 0.0109375 0.029296875
1 0.26484375 0.4765625 0.0109375 0.03125
1 0.25703125 0.478515625 0.0109375 0.03515625
1 0.23984375 0.482421875 0.0109375 0.03125
1 0.22734375 0.4794921875 0.0109375 0.029296875
0 0.14140625 0.49609375 0.1484375 0.1171875
1 0.05 0.4921875 0.021875 0.078125
1 0.02734375 0.4951171875 0.0203125 0.072265625
1 0.00859375 0.490234375 0.0171875 0.0546875
