1 0.54921875 0.564453125 0.0609375 0.21484375
1 0.4859375 0.4697265625 0.025 0.072265625
1 0.4625 0.470703125 0.025 0.0703125
1 0.44375 0.470703125 0.025 0.0703125
2 0.55 0.623046875 0.025 0.11328125
0 0.91328125 0.4970703125 0.1203125 0.056640625
0 0.95703125 0.533203125 0.0828125 0.1171875
0 0.86875 0.6181640625 0.25625 0.197265625
0 0.690625 0.5107421875 0.078125 0.087890625
0 0.63125 0.5283203125 0.1 0.123046875
0 0.3984375 0.4833984375 0.0625 0.068359375
0 0.35859375 0.5107421875 0.0484375 0.083984375
0 0.3015625 0.53515625 0.103125 0.1328125
0 0.19453125 0.546875 0.1734375 0.2265625
0 0.09296875 0.6494140625 0.1859375 0.240234375
0 0.76484375 0.4853515625 0.0484375 0.052734375
1 0.7015625 0.458984375 0.01875 0.02734375
