0 0.44765625 0.46875 0.0328125 0.04296875
0 0.4140625 0.4609375 0.03125 0.0390625
1 0.71484375 0.4794921875 0.0265625 0.103515625
1 0.68984375 0.46875 0.0328125 0.12109375
1 0.6609375 0.4677734375 0.028125 0.091796875
1 0.63984375 0.4677734375 0.0265625 0.083984375
1 0.58359375 0.462890625 0.0234375 0.0625
1 0.60390625 0.4580078125 0.0234375 0.064453125
0 0.80859375 0.4658203125 0.0671875 0.072265625
0 0.9234375 0.443359375 0.146875 0.13671875
0 0.95078125 0.490234375 0.0953125 0.12109375
1 0.16953125 0.4775390625 0.0203125 0.041015625
1 0.1296875 0.4873046875 0.021875 0.033203125
1 0.11328125 0.48828125 0.0171875 0.0546875
1 0.3625 0.4619140625 0.009375 0.025390625
1 0.36875 0.4609375 0.009375 0.02734375
