2 0.3453125 0.5703125 0.075 0.12109375
1 0.3484375 0.498046875 0.078125 0.19921875
0 0.43203125 0.4921875 0.1046875 0.12109375
0 0.57109375 0.49609375 0.0484375 0.0625
0 0.6109375 0.5 0.04375 0.06640625
0 0.65390625 0.4931640625 0.0484375 0.115234375
0 0.73046875 0.44921875 0.0703125 0.04296875
0 0.88046875 0.447265625 0.2359375 0.07421875
0 0.865625 0.525390625 0.253125 0.19140625
0 0.946875 0.548828125 0.09375 0.19921875
0 0.51015625 0.4853515625 0.0546875 0.076171875
1 0.68671875 0.501953125 0.0578125 0.17578125
