1 0.5640625 0.5 0.025 0.09375
0 0.434375 0.4072265625 0.01875 0.029296875
0 0.41171875 0.40625 0.0203125 0.0234375
0 0.3796875 0.404296875 0.01875 0.0234375
0 0.4421875 0.4345703125 0.028125 0.025390625
0 0.46015625 0.462890625 0.0421875 0.046875
0 0.35625 0.4208984375 0.01875 0.025390625
0 0.34609375 0.435546875 0.0234375 0.02734375
0 0.3390625 0.4501953125 0.025 0.029296875
0 0.31875 0.4619140625 0.01875 0.029296875
0 0.265625 0.484375 0.103125 0.10546875
0 0.38046875 0.4296875 0.0234375 0.03125
