1 0.9125 0.474609375 0.028125 0.09765625
1 0.8921875 0.4736328125 0.03125 0.091796875
1 0.725 0.4716796875 0.021875 0.083984375
1 0.64140625 0.486328125 0.0328125 0.09765625
1 0.39140625 0.455078125 0.0203125 0.05859375
1 0.12734375 0.46875 0.0296875 0.078125
0 0.22265625 0.490234375 0.1984375 0.08984375
0 0.4375 0.455078125 0.028125 0.03515625
0 0.5390625 0.4736328125 0.05 0.052734375
2 0.63984375 0.51171875 0.0859375 0.0625
1 0.090625 0.4609375 0.01875 0.0703125
1 0.33984375 0.455078125 0.0203125 0.03515625
0 0.48359375 0.455078125 0.0203125 0.0234375
0 0.50234375 0.4560546875 0.0296875 0.044921875
0 0.509375 0.46484375 0.025 0.0390625
