1 0.85390625 0.556640625 0.1484375 0.4921875
0 0.9265625 0.53515625 0.1375 0.3046875
0 0.69375 0.5244140625 0.146875 0.189453125
0 0.490625 0.4736328125 0.28125 0.189453125
0 0.3484375 0.4873046875 0.0375 0.091796875
0 0.33359375 0.4794921875 0.0578125 0.091796875
0 0.24921875 0.47265625 0.0359375 0.0625
1 0.27265625 0.490234375 0.0421875 0.125
1 0.1609375 0.47265625 0.025 0.08203125
1 0.1 0.4775390625 0.03125 0.099609375
0 0.2109375 0.4833984375 0.040625 0.068359375
0 0.184375 0.4794921875 0.01875 0.060546875
0 0.1375 0.470703125 0.034375 0.05078125
0 0.2984375 0.4580078125 0.034375 0.033203125
