0 0.22578125 0.5029296875 0.1171875 0.126953125
0 0.3578125 0.482421875 0.075 0.07421875
0 0.41875 0.48046875 0.05 0.046875
0 0.61171875 0.4912109375 0.0484375 0.072265625
0 0.653125 0.4990234375 0.075 0.083984375
0 0.77890625 0.533203125 0.2109375 0.23046875
0 0.93359375 0.6689453125 0.1296875 0.396484375
0 0.53671875 0.4619140625 0.0265625 0.025390625
1 0.5640625 0.4775390625 0.028125 0.060546875
1 0.47421875 0.4697265625 0.0140625 0.041015625
1 0.46328125 0.46875 0.0109375 0.046875
1 0.45546875 0.470703125 0.0078125 0.04296875
1 0.48984375 0.4619140625 0.0109375 0.029296875
0 0.6671875 0.525390625 0.04375 0.08984375
1 0.5953125 0.4794921875 0.021875 0.044921875
0 0.109375 0.533203125 0.21875 0.18359375
0 0.3171875 0.4755859375 0.034375 0.044921875
0 0.91875 0.501953125 0.078125 0.078125
