0 0.39609375 0.482421875 0.1046875 0.0703125
0 0.2453125 0.61328125 0.4875 0.3046875
1 0.60859375 0.4638671875 0.0265625 0.099609375
1 0.67421875 0.4609375 0.0328125 0.09765625
1 0.7546875 0.5068359375 0.05625 0.169921875
1 0.8015625 0.482421875 0.053125 0.20703125
1 0.8765625 0.62890625 0.165625 0.53515625
1 0.98671875 0.556640625 0.0234375 0.20703125
0 0.9515625 0.412109375 0.09375 0.07421875
1 0.5578125 0.462890625 0.021875 0.0546875
1 0.64609375 0.4619140625 0.0234375 0.091796875
1 0.6328125 0.458984375 0.025 0.08984375
