0 0.20234375 0.509765625 0.1484375 0.12890625
0 0.603125 0.482421875 0.046875 0.06640625
0 0.65390625 0.4931640625 0.0921875 0.091796875
0 0.6890625 0.521484375 0.125 0.12109375
0 0.8671875 0.6181640625 0.246875 0.392578125
1 0.75 0.4921875 0.03125 0.10546875
1 0.784375 0.482421875 0.028125 0.09765625
1 0.5796875 0.4775390625 0.025 0.087890625
1 0.40390625 0.4697265625 0.0265625 0.076171875
1 0.3890625 0.4462890625 0.01875 0.037109375
1 0.4546875 0.4658203125 0.025 0.056640625
2 0.4546875 0.484375 0.01875 0.0390625
1 0.38359375 0.4716796875 0.0234375 0.060546875
0 0.16328125 0.46484375 0.0484375 0.0546875
0 0.52421875 0.453125 0.0234375 0.02734375
1 0.840625 0.455078125 0.028125 0.04296875
0 0.11484375 0.474609375 0.0234375 0.0546875
