0 0.92265625 0.515625 0.1484375 0.14453125
1 0.7890625 0.5244140625 0.025 0.130859375
0 0.821875 0.49609375 0.04375 0.08203125
0 0.734375 0.49609375 0.078125 0.078125
0 0.70703125 0.47265625 0.0859375 0.06640625
0 0.03125 0.6064453125 0.0625 0.232421875
0 0.11171875 0.576171875 0.1609375 0.1640625
0 0.18984375 0.5322265625 0.1234375 0.130859375
0 0.2703125 0.5166015625 0.0875 0.087890625
0 0.28671875 0.48828125 0.0796875 0.09375
0 0.378125 0.4609375 0.04375 0.05078125
0 0.4 0.4501953125 0.0375 0.037109375
0 0.5015625 0.4375 0.028125 0.02734375
