2 0.403125 0.5625 0.071875 0.1328125
2 0.3296875 0.576171875 0.05 0.0859375
2 0.61328125 0.578125 0.0765625 0.1015625
2 0.715625 0.5771484375 0.090625 0.115234375
1 0.66640625 0.5029296875 0.0796875 0.216796875
1 0.36484375 0.505859375 0.0703125 0.203125
0 0.55546875 0.48046875 0.0765625 0.08203125
0 0.31328125 0.4765625 0.0484375 0.06640625
0 0.2546875 0.49609375 0.121875 0.09765625
0 0.17109375 0.4833984375 0.0828125 0.087890625
0 0.03984375 0.501953125 0.0765625 0.12109375
0 0.51171875 0.484375 0.0234375 0.05078125
0 0.496875 0.4765625 0.025 0.04296875
