2 0.55234375 0.5390625 0.0421875 0.0859375
1 0.1859375 0.48046875 0.028125 0.08203125
0 0.8796875 0.5322265625 0.2375 0.181640625
0 0.75234375 0.5068359375 0.1328125 0.130859375
0 0.68515625 0.494140625 0.0921875 0.10546875
0 0.62265625 0.484375 0.0734375 0.0703125
0 0.03671875 0.5244140625 0.0734375 0.138671875
0 0.10625 0.5078125 0.1375 0.1328125
0 0.23359375 0.4873046875 0.0921875 0.076171875
0 0.27265625 0.48046875 0.0671875 0.078125
0 0.4546875 0.466796875 0.05 0.02734375
0 0.325 0.47265625 0.040625 0.046875
1 0.5515625 0.4521484375 0.040625 0.087890625
0 0.5265625 0.4638671875 0.021875 0.044921875
0 0.51015625 0.462890625 0.0203125 0.03125
0 0.4984375 0.4658203125 0.01875 0.025390625
0 0.41875 0.46484375 0.021875 0.0234375
0 0.403125 0.466796875 0.01875 0.02734375
0 0.38828125 0.4638671875 0.0203125 0.029296875
0 0.3734375 0.4658203125 0.021875 0.037109375
0 0.35390625 0.46875 0.0265625 0.04296875
