1 0.753125 0.4755859375 0.05 0.154296875
1 0.7140625 0.4775390625 0.0375 0.150390625
1 0.6734375 0.4765625 0.0375 0.1484375
0 0.8109375 0.462890625 0.05625 0.078125
0 0.92734375 0.447265625 0.1421875 0.140625
0 0.93671875 0.5029296875 0.1203125 0.158203125
1 0.6296875 0.4560546875 0.028125 0.064453125
1 0.61015625 0.4599609375 0.0265625 0.064453125
1 0.3453125 0.47265625 0.021875 0.05859375
1 0.12734375 0.490234375 0.0203125 0.0390625
1 0.59140625 0.4609375 0.0265625 0.06640625
0 0.45703125 0.462890625 0.0390625 0.03515625
