0 0.25234375 0.458984375 0.0859375 0.05859375
0 0.153125 0.4580078125 0.059375 0.064453125
0 0.0484375 0.4580078125 0.09375 0.083984375
0 0.61015625 0.4853515625 0.0546875 0.052734375
0 0.53984375 0.4609375 0.0328125 0.03125
0 0.875 0.5732421875 0.24375 0.279296875
0 0.7578125 0.5380859375 0.109375 0.154296875
0 0.7 0.51953125 0.0875 0.10546875
1 0.38359375 0.458984375 0.0203125 0.0546875
3 0.37265625 0.47265625 0.0203125 0.0234375
0 0.28359375 0.453125 0.0671875 0.0546875
0 0.16875 0.44921875 0.071875 0.0703125
0 0.0703125 0.4501953125 0.09375 0.087890625
0 0.4828125 0.455078125 0.025 0.0234375
0 0.6046875 0.470703125 0.04375 0.046875
0 0.58359375 0.4697265625 0.0234375 0.041015625
0 0.6578125 0.505859375 0.06875 0.08984375
