0 0.19296875 0.478515625 0.0953125 0.08984375
0 0.2734375 0.4697265625 0.06875 0.068359375
0 0.3234375 0.46875 0.046875 0.04296875
0 0.378125 0.458984375 0.040625 0.03125
0 0.41171875 0.46484375 0.0359375 0.0390625
0 0.7015625 0.5166015625 0.425 0.162109375
1 0.52890625 0.4580078125 0.0265625 0.091796875
1 0.55625 0.45703125 0.028125 0.06640625
1 0.5875 0.4501953125 0.0375 0.072265625
1 0.77578125 0.421875 0.0359375 0.02734375
1 0.8921875 0.4462890625 0.034375 0.095703125
1 0.86171875 0.439453125 0.0296875 0.0703125
2 0.01875 0.48046875 0.0375 0.046875
1 0.6234375 0.435546875 0.021875 0.0390625
