1 0.80390625 0.4814453125 0.0203125 0.056640625
1 0.70390625 0.48046875 0.0203125 0.0625
1 0.6875 0.4775390625 0.021875 0.064453125
0 0.4078125 0.478515625 0.0375 0.0390625
0 0.271875 0.482421875 0.053125 0.05859375
0 0.21796875 0.484375 0.0578125 0.0703125
0 0.134375 0.4931640625 0.128125 0.091796875
0 0.07265625 0.478515625 0.0421875 0.05078125
0 0.03671875 0.5029296875 0.0734375 0.119140625
1 0.84921875 0.4833984375 0.0203125 0.044921875
0 0.334375 0.46875 0.025 0.02734375
0 0.31015625 0.4775390625 0.0203125 0.044921875
