0 0.81484375 0.4609375 0.0484375 0.07421875
0 0.9265625 0.4521484375 0.14375 0.146484375
0 0.95234375 0.4853515625 0.0921875 0.119140625
0 0.4046875 0.4765625 0.06875 0.06640625
0 0.45 0.4580078125 0.040625 0.037109375
1 0.77578125 0.484375 0.0359375 0.15625
1 0.740625 0.474609375 0.04375 0.16015625
1 0.703125 0.4716796875 0.03125 0.115234375
1 0.665625 0.4755859375 0.0375 0.119140625
1 0.60625 0.453125 0.025 0.0703125
1 0.5875 0.4638671875 0.021875 0.072265625
1 0.55625 0.4609375 0.0125 0.05078125
1 0.5484375 0.4609375 0.0125 0.046875
1 0.171875 0.48828125 0.01875 0.05859375
1 0.12734375 0.48828125 0.0234375 0.03125
1 0.109375 0.490234375 0.01875 0.0546875
