0 0.0515625 0.5341796875 0.1 0.244140625
0 0.221875 0.5302734375 0.165625 0.123046875
0 0.3140625 0.5068359375 0.090625 0.099609375
0 0.36484375 0.501953125 0.0453125 0.06640625
0 0.4015625 0.501953125 0.04375 0.06640625
0 0.696875 0.517578125 0.06875 0.09765625
0 0.74921875 0.55078125 0.1578125 0.14453125
0 0.88828125 0.51953125 0.0359375 0.06640625
1 0.42890625 0.494140625 0.0203125 0.07421875
1 0.4484375 0.4921875 0.021875 0.078125
1 0.6109375 0.4638671875 0.021875 0.060546875
1 0.6421875 0.51171875 0.05625 0.1796875
1 0.59296875 0.5107421875 0.0328125 0.103515625
0 0.55078125 0.478515625 0.0453125 0.03515625
0 0.46171875 0.4765625 0.0328125 0.0390625
