0 0.86171875 0.6572265625 0.2703125 0.326171875
0 0.75703125 0.5751953125 0.2109375 0.216796875
0 0.29765625 0.486328125 0.1171875 0.05859375
0 0.05390625 0.6259765625 0.1078125 0.193359375
1 0.6015625 0.4921875 0.021875 0.0625
1 0.06875 0.455078125 0.025 0.0546875
1 0.0453125 0.455078125 0.028125 0.04296875
1 0.0109375 0.4619140625 0.01875 0.060546875
0 0.34609375 0.458984375 0.0578125 0.05078125
0 0.0890625 0.5234375 0.134375 0.08984375
1 0.12421875 0.4775390625 0.0140625 0.048828125
0 0.18125 0.4765625 0.06875 0.05859375
0 0.47578125 0.4677734375 0.0421875 0.041015625
0 0.49765625 0.4638671875 0.0265625 0.037109375
0 0.5359375 0.458984375 0.03125 0.03125
0 0.63046875 0.466796875 0.0359375 0.03515625
0 0.28203125 0.458984375 0.0546875 0.04296875
