0 0.16484375 0.5673828125 0.2046875 0.158203125
0 0.25078125 0.5244140625 0.0828125 0.095703125
0 0.28359375 0.513671875 0.0765625 0.07421875
0 0.3203125 0.5048828125 0.04375 0.056640625
0 0.325 0.4873046875 0.084375 0.087890625
0 0.36953125 0.4853515625 0.0296875 0.052734375
0 0.3875 0.4755859375 0.04375 0.044921875
0 0.5890625 0.4775390625 0.05 0.037109375
0 0.65625 0.5205078125 0.115625 0.099609375
0 0.81796875 0.62109375 0.2453125 0.203125
0 0.88125 0.5107421875 0.084375 0.091796875
0 0.97421875 0.5830078125 0.0484375 0.134765625
0 0.79765625 0.4892578125 0.0421875 0.060546875
0 0.4109375 0.46484375 0.028125 0.0390625
0 0.43046875 0.4599609375 0.0234375 0.041015625
1 0.446875 0.458984375 0.015625 0.04296875
0 0.71484375 0.4794921875 0.0359375 0.068359375
0 0.69375 0.4609375 0.0625 0.03125
0 0.82265625 0.48046875 0.0328125 0.0859375
