0 0.10078125 0.5986328125 0.1984375 0.197265625
0 0.1984375 0.537109375 0.13125 0.13671875
0 0.3015625 0.5078125 0.084375 0.08203125
0 0.6296875 0.4970703125 0.08125 0.076171875
0 0.69296875 0.5595703125 0.1171875 0.130859375
0 0.78125 0.6015625 0.1625 0.1796875
0 0.8890625 0.7080078125 0.21875 0.369140625
0 0.35546875 0.455078125 0.0359375 0.0390625
0 0.38828125 0.47265625 0.0484375 0.05078125
0 0.40546875 0.462890625 0.0328125 0.046875
0 0.11484375 0.478515625 0.0921875 0.06640625
0 0.02890625 0.4873046875 0.0578125 0.052734375
0 0.59140625 0.4853515625 0.0359375 0.052734375
0 0.57265625 0.4765625 0.0359375 0.046875
0 0.565625 0.4609375 0.04375 0.046875
0 0.5015625 0.43359375 0.01875 0.0234375
1 0.42890625 0.4453125 0.0140625 0.03125
1 0.45390625 0.4453125 0.0109375 0.0390625
