0 0.9640625 0.4296875 0.04375 0.05078125
0 0.8125 0.443359375 0.0375 0.04296875
0 0.6921875 0.45703125 0.040625 0.046875
1 0.72109375 0.466796875 0.0234375 0.05078125
0 0.46015625 0.4716796875 0.0546875 0.056640625
0 0.43046875 0.45703125 0.0203125 0.03125
0 0.23125 0.4853515625 0.065625 0.056640625
0 0.1328125 0.49609375 0.059375 0.05078125
0 0.53046875 0.470703125 0.0328125 0.03515625
0 0.39375 0.4580078125 0.01875 0.025390625
0 0.3734375 0.4638671875 0.021875 0.029296875
0 0.3421875 0.4697265625 0.028125 0.033203125
0 0.3109375 0.470703125 0.03125 0.03515625
0 0.26953125 0.47265625 0.0203125 0.04296875
