0 0.0453125 0.5283203125 0.090625 0.181640625
0 0.121875 0.5322265625 0.096875 0.138671875
0 0.16796875 0.49609375 0.1296875 0.12890625
0 0.2421875 0.4990234375 0.040625 0.087890625
0 0.26484375 0.4951171875 0.0609375 0.072265625
0 0.29296875 0.4814453125 0.0671875 0.068359375
0 0.43984375 0.486328125 0.0671875 0.0625
0 0.590625 0.4912109375 0.05625 0.083984375
0 0.62109375 0.501953125 0.0734375 0.109375
0 0.68359375 0.505859375 0.0953125 0.171875
0 0.83515625 0.5087890625 0.3265625 0.306640625
2 0.95390625 0.6640625 0.0890625 0.23046875
0 0.5015625 0.4677734375 0.021875 0.037109375
0 0.38125 0.47265625 0.0375 0.03515625
