0 0.18984375 0.484375 0.0953125 0.07421875
0 0.27421875 0.4736328125 0.0578125 0.048828125
0 0.34140625 0.4677734375 0.0296875 0.029296875
0 0.3578125 0.462890625 0.025 0.03125
2 0.71640625 0.51171875 0.0703125 0.13671875
2 0.7859375 0.5126953125 0.071875 0.119140625
2 0.86875 0.544921875 0.084375 0.1640625
2 0.9625 0.537109375 0.071875 0.18359375
2 0.60703125 0.494140625 0.0328125 0.0703125
2 0.0140625 0.595703125 0.028125 0.10546875
1 0.49140625 0.462890625 0.0109375 0.04296875
1 0.4703125 0.4609375 0.0125 0.0390625
1 0.38046875 0.4677734375 0.0140625 0.048828125
1 0.115625 0.4814453125 0.01875 0.076171875
0 0.32734375 0.474609375 0.0234375 0.03515625
0 0.3125 0.4755859375 0.021875 0.044921875
2 0.0734375 0.5009765625 0.04375 0.095703125
2 0.04453125 0.5009765625 0.0265625 0.095703125
2 0.64375 0.4951171875 0.034375 0.072265625
1 0.01796875 0.4765625 0.0359375 0.12890625
