1 0.62109375 0.4892578125 0.0859375 0.224609375
1 0.7828125 0.4736328125 0.040625 0.103515625
1 0.92109375 0.4990234375 0.1328125 0.294921875
2 0.92734375 0.6201171875 0.1359375 0.255859375
2 0.6203125 0.5546875 0.059375 0.125
0 0.67578125 0.498046875 0.0578125 0.10546875
0 0.56484375 0.49609375 0.0515625 0.1015625
0 0.50625 0.47265625 0.08125 0.08203125
0 0.45234375 0.46875 0.0421875 0.0390625
0 0.046875 0.490234375 0.09375 0.14453125
0 0.196875 0.474609375 0.165625 0.125
0 0.3046875 0.458984375 0.025 0.02734375
