0 0.3203125 0.49609375 0.115625 0.09375
0 0.44453125 0.466796875 0.0421875 0.05078125
1 0.01171875 0.509765625 0.0234375 0.10546875
1 0.58984375 0.4697265625 0.0203125 0.068359375
1 0.6109375 0.4677734375 0.025 0.068359375
1 0.6984375 0.4814453125 0.03125 0.134765625
1 0.7421875 0.47265625 0.0375 0.1328125
1 0.79140625 0.4892578125 0.0453125 0.185546875
1 0.8296875 0.48828125 0.046875 0.1640625
0 0.92265625 0.44921875 0.1453125 0.1328125
0 0.9484375 0.4873046875 0.09375 0.111328125
1 0.55234375 0.4599609375 0.0203125 0.052734375
1 0.1625 0.484375 0.01875 0.05078125
1 0.128125 0.490234375 0.021875 0.03125
1 0.115625 0.4912109375 0.021875 0.052734375
1 0.6609375 0.4541015625 0.021875 0.052734375
0 0.6421875 0.451171875 0.025 0.03125
