2 0.846875 0.625 0.20625 0.1640625
1 0.78359375 0.447265625 0.0203125 0.046875
1 0.06015625 0.5390625 0.0546875 0.1328125
2 0.06484375 0.591796875 0.0546875 0.1015625
0 0.45390625 0.4453125 0.0234375 0.02734375
0 0.47421875 0.451171875 0.0359375 0.04296875
0 0.34453125 0.4814453125 0.0796875 0.087890625
0 0.55234375 0.451171875 0.0421875 0.0390625
0 0.584375 0.4736328125 0.028125 0.052734375
0 0.60546875 0.4853515625 0.0578125 0.064453125
0 0.640625 0.5078125 0.084375 0.08984375
0 0.734375 0.5478515625 0.175 0.177734375
