1 0.390625 0.4716796875 0.021875 0.056640625
1 0.3765625 0.478515625 0.021875 0.05078125
1 0.66328125 0.46875 0.0296875 0.1484375
1 0.69375 0.474609375 0.028125 0.12890625
1 0.73046875 0.4541015625 0.0453125 0.103515625
0 0.8109375 0.44921875 0.059375 0.0703125
0 0.8421875 0.5166015625 0.30625 0.216796875
1 0.590625 0.4619140625 0.021875 0.060546875
1 0.6265625 0.4599609375 0.01875 0.064453125
1 0.6140625 0.4599609375 0.01875 0.060546875
1 0.12734375 0.4853515625 0.0234375 0.033203125
1 0.11484375 0.4990234375 0.0234375 0.052734375
0 0.45859375 0.4609375 0.0390625 0.02734375
