1 0.071875 0.44140625 0.025 0.06640625
1 0.25 0.458984375 0.021875 0.05859375
1 0.3515625 0.4609375 0.021875 0.0625
1 0.434375 0.4609375 0.028125 0.04296875
1 0.809375 0.4814453125 0.028125 0.064453125
1 0.89453125 0.4912109375 0.0296875 0.107421875
1 0.93359375 0.5009765625 0.0296875 0.072265625
1 0.9859375 0.4765625 0.025 0.06640625
0 0.53046875 0.4619140625 0.0359375 0.037109375
0 0.6171875 0.4765625 0.04375 0.04296875
0 0.59609375 0.46875 0.0234375 0.0390625
0 0.9640625 0.685546875 0.065625 0.16796875
0 0.58515625 0.4638671875 0.0203125 0.033203125
0 0.57421875 0.4599609375 0.0203125 0.025390625
1 0.7078125 0.46875 0.01875 0.046875
1 0.284375 0.4541015625 0.01875 0.033203125
1 0.3015625 0.44921875 0.01875 0.02734375
1 0.140625 0.4580078125 0.028125 0.083984375
