1 0.0390625 0.6181640625 0.078125 0.248046875
2 0.0328125 0.7216796875 0.059375 0.138671875
0 0.121875 0.572265625 0.134375 0.15625
0 0.2015625 0.478515625 0.065625 0.046875
0 0.24296875 0.45703125 0.0984375 0.0703125
0 0.38125 0.4921875 0.06875 0.0703125
0 0.596875 0.486328125 0.046875 0.07421875
0 0.63359375 0.50390625 0.0734375 0.078125
0 0.6828125 0.541015625 0.121875 0.11328125
0 0.715625 0.57421875 0.140625 0.1484375
0 0.84921875 0.646484375 0.2921875 0.2890625
0 0.91875 0.818359375 0.153125 0.35546875
0 0.50859375 0.443359375 0.0234375 0.03125
0 0.315625 0.466796875 0.05 0.0390625
0 0.4546875 0.451171875 0.025 0.0234375
0 0.56171875 0.4580078125 0.0359375 0.041015625
