0 0.69453125 0.5087890625 0.1734375 0.166015625
1 0.453125 0.572265625 0.19375 0.64453125
2 0.65234375 0.6884765625 0.2765625 0.419921875
2 0.2375 0.7060546875 0.475 0.388671875
1 0.8265625 0.4755859375 0.028125 0.072265625
1 0.85859375 0.4765625 0.0296875 0.07421875
0 0.89921875 0.4697265625 0.0359375 0.041015625
1 0.9203125 0.4638671875 0.021875 0.068359375
1 0.9484375 0.4658203125 0.021875 0.068359375
1 0.96015625 0.462890625 0.0203125 0.06640625
1 0.146875 0.4404296875 0.025 0.052734375
1 0.096875 0.4619140625 0.025 0.087890625
