0 0.90703125 0.5283203125 0.1828125 0.447265625
0 0.659375 0.494140625 0.084375 0.0703125
0 0.59921875 0.4716796875 0.0515625 0.064453125
0 0.0640625 0.5205078125 0.128125 0.134765625
0 0.178125 0.49609375 0.1125 0.09765625
0 0.2734375 0.4990234375 0.078125 0.083984375
0 0.3546875 0.4921875 0.09375 0.09375
0 0.48125 0.4716796875 0.01875 0.029296875
0 0.4671875 0.47265625 0.01875 0.03125
0 0.44765625 0.4736328125 0.0203125 0.033203125
0 0.4296875 0.4765625 0.021875 0.03125
0 0.4109375 0.4765625 0.01875 0.03515625
0 0.50078125 0.466796875 0.0171875 0.01953125
0 0.515625 0.46484375 0.015625 0.01953125
0 0.56875 0.466796875 0.021875 0.02734375
