2 0.8359375 0.5927734375 0.059375 0.134765625
2 0.68984375 0.55859375 0.0265625 0.05859375
1 0.8390625 0.5322265625 0.0625 0.197265625
1 0.690625 0.501953125 0.040625 0.10546875
0 0.5375 0.53515625 0.028125 0.0390625
0 0.49609375 0.5234375 0.0578125 0.0625
0 0.38046875 0.53515625 0.1671875 0.16015625
0 0.57421875 0.53125 0.0234375 0.0390625
1 0.57578125 0.5107421875 0.0328125 0.068359375
1 0.74765625 0.5087890625 0.0265625 0.072265625
1 0.7671875 0.5166015625 0.021875 0.060546875
1 0.775 0.51171875 0.021875 0.0625
