0 0.628125 0.5 0.053125 0.09375
1 0.57890625 0.466796875 0.0234375 0.0625
1 0.5484375 0.466796875 0.01875 0.05078125
1 0.4421875 0.462890625 0.021875 0.0546875
1 0.290625 0.4580078125 0.021875 0.072265625
1 0.2578125 0.4599609375 0.025 0.091796875
1 0.2359375 0.4599609375 0.025 0.087890625
1 0.21328125 0.458984375 0.0296875 0.08984375
1 0.1890625 0.4580078125 0.028125 0.083984375
1 0.1578125 0.4169921875 0.028125 0.041015625
0 0.69375 0.513671875 0.1375 0.13671875
1 0.86328125 0.4609375 0.0203125 0.0390625
1 0.509375 0.4560546875 0.015625 0.037109375
1 0.521875 0.45703125 0.0125 0.0390625
1 0.5296875 0.45703125 0.009375 0.0390625
1 0.3546875 0.4462890625 0.01875 0.041015625
2 0.0515625 0.52734375 0.028125 0.0546875
2 0.02265625 0.556640625 0.0328125 0.05859375
2 0.37109375 0.4775390625 0.0234375 0.029296875
