1 0.5890625 0.4609375 0.01875 0.046875
1 0.5171875 0.4609375 0.01875 0.05078125
1 0.6109375 0.455078125 0.01875 0.03125
0 0.9453125 0.4541015625 0.10625 0.083984375
0 0.31015625 0.4609375 0.0609375 0.0546875
0 0.271875 0.462890625 0.03125 0.0390625
0 0.22265625 0.4716796875 0.0859375 0.072265625
0 0.4703125 0.4619140625 0.0625 0.072265625
0 0.3484375 0.455078125 0.028125 0.03515625
0 0.1015625 0.4619140625 0.04375 0.037109375
0 0.065625 0.462890625 0.03125 0.0390625
0 0.0328125 0.4609375 0.01875 0.03515625
