0 0.72578125 0.4921875 0.1765625 0.15234375
0 0.5796875 0.4697265625 0.08125 0.072265625
0 0.48359375 0.46875 0.0484375 0.06640625
0 0.4578125 0.462890625 0.025 0.02734375
0 0.32421875 0.46875 0.0296875 0.03125
0 0.10390625 0.474609375 0.0671875 0.0859375
0 0.04609375 0.4912109375 0.0921875 0.083984375
0 0.40546875 0.4638671875 0.0140625 0.017578125
0 0.3953125 0.4619140625 0.015625 0.025390625
0 0.3828125 0.46484375 0.0125 0.0234375
0 0.36640625 0.466796875 0.0234375 0.02734375
0 0.2640625 0.4775390625 0.040625 0.041015625
