1 0.60078125 0.486328125 0.0234375 0.05859375
1 0.07421875 0.4609375 0.0234375 0.046875
0 0.95078125 0.8447265625 0.0921875 0.302734375
0 0.78046875 0.5849609375 0.2078125 0.220703125
0 0.69765625 0.544921875 0.1328125 0.17578125
0 0.484375 0.4638671875 0.034375 0.037109375
0 0.35703125 0.484375 0.1109375 0.046875
0 0.1140625 0.59375 0.184375 0.15625
0 0.03828125 0.6279296875 0.0765625 0.158203125
0 0.3625 0.4482421875 0.046875 0.033203125
0 0.15546875 0.5009765625 0.1046875 0.072265625
1 0.19375 0.4697265625 0.021875 0.041015625
1 0.18125 0.46875 0.021875 0.0390625
