0 0.29296875 0.482421875 0.0921875 0.08203125
0 0.12109375 0.494140625 0.1109375 0.08984375
0 0.1890625 0.4873046875 0.065625 0.072265625
0 0.225 0.4775390625 0.0625 0.068359375
0 0.590625 0.474609375 0.128125 0.1171875
0 0.51796875 0.46484375 0.0609375 0.0703125
0 0.07421875 0.455078125 0.0453125 0.03515625
0 0.48203125 0.466796875 0.0203125 0.03515625
0 0.465625 0.462890625 0.021875 0.03125
0 0.44921875 0.458984375 0.0203125 0.0234375
0 0.43125 0.458984375 0.01875 0.0234375
0 0.3890625 0.458984375 0.01875 0.0234375
0 0.375 0.458984375 0.01875 0.0234375
0 0.3578125 0.4638671875 0.01875 0.029296875
0 0.340625 0.46875 0.015625 0.02734375
0 0.021875 0.47265625 0.028125 0.03125
