1 0.6703125 0.5166015625 0.05625 0.228515625
1 0.61484375 0.517578125 0.0765625 0.23828125
1 0.40078125 0.478515625 0.0234375 0.0859375
1 0.36171875 0.4814453125 0.0296875 0.083984375
0 0.065625 0.515625 0.13125 0.1796875
0 0.14609375 0.494140625 0.1109375 0.10546875
0 0.5109375 0.482421875 0.08125 0.0859375
0 0.5625 0.4853515625 0.059375 0.115234375
0 0.8328125 0.505859375 0.28125 0.18359375
0 0.8953125 0.546875 0.20625 0.21484375
0 0.26875 0.46875 0.053125 0.0390625
0 0.47890625 0.4736328125 0.0578125 0.060546875
1 0.42734375 0.474609375 0.0234375 0.0625
