0 0.21484375 0.51953125 0.1421875 0.14453125
0 0.3015625 0.5078125 0.065625 0.08984375
0 0.31640625 0.478515625 0.0703125 0.07421875
0 0.346875 0.4736328125 0.046875 0.052734375
0 0.41015625 0.453125 0.0421875 0.05078125
0 0.5125 0.419921875 0.025 0.02734375
0 0.91875 0.494140625 0.159375 0.11328125
0 0.8703125 0.6552734375 0.25 0.263671875
0 0.6828125 0.470703125 0.03125 0.05078125
0 0.67265625 0.45703125 0.0609375 0.046875
1 0.70390625 0.4853515625 0.0203125 0.087890625
0 0.01328125 0.5126953125 0.0265625 0.099609375
0 0.05078125 0.501953125 0.0328125 0.06640625
0 0.76953125 0.4638671875 0.0828125 0.091796875
