2 0.66015625 0.609375 0.0671875 0.21875
2 0.51953125 0.6083984375 0.0453125 0.197265625
2 0.39765625 0.5087890625 0.0203125 0.068359375
2 0.89609375 0.58984375 0.0890625 0.12890625
2 0.72578125 0.5087890625 0.0359375 0.091796875
2 0.83125 0.5 0.04375 0.07421875
2 0.57578125 0.5009765625 0.0484375 0.041015625
1 0.30859375 0.451171875 0.0171875 0.01953125
2 0.98671875 0.5947265625 0.0234375 0.138671875
2 0.95625 0.5771484375 0.0375 0.201171875
1 0.6609375 0.458984375 0.08125 0.3125
1 0.57890625 0.458984375 0.0421875 0.0546875
1 0.51640625 0.4931640625 0.0734375 0.287109375
1 0.39453125 0.4462890625 0.0328125 0.064453125
2 0.821875 0.5205078125 0.040625 0.087890625
2 0.79375 0.5185546875 0.028125 0.076171875
2 0.75390625 0.521484375 0.0234375 0.07421875
1 0.78984375 0.4453125 0.0109375 0.03515625
