0 0.3765625 0.4873046875 0.071875 0.068359375
0 0.80859375 0.4638671875 0.0671875 0.072265625
0 0.9234375 0.4521484375 0.15 0.146484375
0 0.95078125 0.490234375 0.0921875 0.125
1 0.7171875 0.4716796875 0.040625 0.115234375
1 0.678125 0.4736328125 0.0375 0.115234375
1 0.0703125 0.4716796875 0.025 0.029296875
1 0.125 0.4892578125 0.021875 0.037109375
0 0.41171875 0.4599609375 0.0265625 0.029296875
0 0.45546875 0.458984375 0.0453125 0.03125
1 0.60234375 0.4599609375 0.0234375 0.064453125
1 0.62890625 0.4482421875 0.0203125 0.060546875
0 0.64609375 0.447265625 0.0234375 0.03125
