2 0.3703125 0.6220703125 0.034375 0.126953125
2 0.01796875 0.646484375 0.0296875 0.09765625
1 0.49609375 0.5498046875 0.0453125 0.185546875
1 0.375 0.5595703125 0.053125 0.169921875
1 0.02421875 0.5791015625 0.0453125 0.169921875
1 0.1125 0.4921875 0.021875 0.0859375
1 0.15390625 0.486328125 0.0234375 0.08203125
1 0.1359375 0.4931640625 0.021875 0.091796875
0 0.27109375 0.484375 0.0671875 0.0703125
0 0.528125 0.4912109375 0.040625 0.072265625
0 0.41171875 0.4619140625 0.0296875 0.025390625
0 0.309375 0.486328125 0.021875 0.04296875
0 0.321875 0.48046875 0.01875 0.04296875
0 0.96484375 0.892578125 0.0671875 0.2109375
0 0.47734375 0.470703125 0.0265625 0.05078125
