1 0.95234375 0.541015625 0.0921875 0.53125
1 0.6609375 0.564453125 0.165625 0.48828125
1 0.3953125 0.4814453125 0.03125 0.103515625
1 0.3546875 0.486328125 0.025 0.1015625
0 0.846875 0.529296875 0.20625 0.21484375
0 0.775 0.462890625 0.075 0.11328125
0 0.59765625 0.501953125 0.0609375 0.1875
0 0.528125 0.505859375 0.06875 0.11328125
0 0.5125 0.4873046875 0.140625 0.115234375
0 0.08203125 0.4912109375 0.1234375 0.107421875
0 0.12421875 0.4755859375 0.0578125 0.060546875
0 0.03671875 0.494140625 0.0703125 0.1171875
0 0.43359375 0.4853515625 0.0359375 0.052734375
