0 0.121875 0.6337890625 0.240625 0.326171875
0 0.19375 0.4794921875 0.1 0.083984375
0 0.3578125 0.498046875 0.090625 0.08984375
0 0.415625 0.46875 0.05625 0.0625
0 0.6375 0.4833984375 0.065625 0.056640625
0 0.934375 0.68359375 0.128125 0.25
0 0.4484375 0.4638671875 0.034375 0.037109375
0 0.5328125 0.4521484375 0.034375 0.029296875
0 0.25625 0.46484375 0.0625 0.0625
0 0.05859375 0.4541015625 0.0734375 0.060546875
0 0.5984375 0.46484375 0.040625 0.046875
0 0.5765625 0.458984375 0.025 0.03125
0 0.478125 0.4482421875 0.025 0.033203125
