0 0.67265625 0.5185546875 0.2171875 0.173828125
1 0.47421875 0.4755859375 0.0203125 0.060546875
0 0.41796875 0.419921875 0.0171875 0.01953125
0 0.44453125 0.42578125 0.0234375 0.0234375
0 0.44140625 0.44921875 0.0203125 0.0234375
0 0.453125 0.4619140625 0.028125 0.037109375
0 0.36875 0.423828125 0.01875 0.0234375
0 0.3640625 0.439453125 0.021875 0.02734375
0 0.390625 0.4267578125 0.01875 0.025390625
0 0.3546875 0.4677734375 0.040625 0.048828125
1 0.1640625 0.4443359375 0.028125 0.048828125
0 0.12265625 0.5 0.1171875 0.1328125
0 0.0328125 0.5 0.065625 0.19140625
