0 0.7859375 0.4453125 0.03125 0.02734375
0 0.8484375 0.4404296875 0.03125 0.033203125
0 0.68203125 0.4482421875 0.0265625 0.037109375
0 0.63046875 0.4521484375 0.0734375 0.052734375
1 0.421875 0.4267578125 0.025 0.041015625
0 0.37578125 0.43359375 0.0453125 0.03125
0 0.34296875 0.4326171875 0.0265625 0.029296875
0 0.21171875 0.43359375 0.0703125 0.04296875
0 0.15390625 0.447265625 0.1171875 0.05078125
0 0.04765625 0.4375 0.0921875 0.0625
1 0.31484375 0.48046875 0.0546875 0.15625
0 0.7515625 0.4443359375 0.0375 0.044921875
0 0.709375 0.447265625 0.03125 0.04296875
