0 0.40390625 0.4853515625 0.0421875 0.060546875
0 0.44765625 0.47265625 0.0453125 0.0546875
0 0.7359375 0.533203125 0.14375 0.1328125
0 0.87578125 0.681640625 0.2421875 0.37109375
1 0.6578125 0.47265625 0.021875 0.0546875
0 0.5734375 0.46875 0.03125 0.03125
0 0.34453125 0.4873046875 0.0984375 0.099609375
0 0.0859375 0.55859375 0.1625 0.19140625
0 0.20234375 0.5244140625 0.1421875 0.134765625
0 0.2859375 0.5087890625 0.08125 0.103515625
0 0.4796875 0.470703125 0.034375 0.03515625
0 0.49921875 0.46484375 0.0203125 0.03125
0 0.7859375 0.482421875 0.053125 0.06640625
1 0.59296875 0.462890625 0.0109375 0.02734375
1 0.5359375 0.4580078125 0.015625 0.029296875
1 0.5265625 0.458984375 0.0125 0.03125
