1 0.77421875 0.4755859375 0.0421875 0.130859375
1 0.8515625 0.4306640625 0.015625 0.044921875
1 0.64375 0.4697265625 0.028125 0.111328125
2 0.6796875 0.513671875 0.05 0.1328125
2 0.2859375 0.521484375 0.025 0.0625
2 0.3390625 0.4892578125 0.0125 0.041015625
1 0.1453125 0.4560546875 0.01875 0.056640625
1 0.16640625 0.4658203125 0.0171875 0.076171875
2 0.08125 0.501953125 0.053125 0.09375
2 0.0375 0.5078125 0.03125 0.0859375
0 0.39765625 0.4609375 0.0234375 0.0234375
2 0.57578125 0.498046875 0.0140625 0.046875
2 0.73359375 0.515625 0.0296875 0.1171875
1 0.353125 0.4619140625 0.0125 0.060546875
1 0.33984375 0.4482421875 0.0140625 0.044921875
0 0.32421875 0.4609375 0.0203125 0.03515625
1 0.2890625 0.453125 0.025 0.0703125
2 0.20078125 0.490234375 0.0328125 0.046875
2 0.1328125 0.5 0.040625 0.0390625
1 0.61640625 0.486328125 0.0203125 0.078125
1 0.5921875 0.484375 0.01875 0.078125
1 0.83515625 0.4384765625 0.0171875 0.044921875
1 0.5578125 0.455078125 0.009375 0.03125
