0 0.578125 0.4794921875 0.065625 0.072265625
0 0.54609375 0.46875 0.0296875 0.05859375
0 0.26328125 0.46484375 0.1109375 0.05859375
1 0.778125 0.46484375 0.028125 0.08203125
1 0.7203125 0.4638671875 0.021875 0.083984375
1 0.09453125 0.478515625 0.0515625 0.125
1 0.9859375 0.447265625 0.025 0.03515625
1 0.8578125 0.4404296875 0.025 0.033203125
1 0.16640625 0.447265625 0.0171875 0.05078125
1 0.0625 0.4326171875 0.021875 0.041015625
1 0.03984375 0.439453125 0.0234375 0.03125
0 0.51640625 0.4521484375 0.0234375 0.029296875
