1 0.69921875 0.51171875 0.0671875 0.2734375
2 0.3140625 0.505859375 0.01875 0.03515625
0 0.16328125 0.5029296875 0.1203125 0.087890625
0 0.2359375 0.4970703125 0.028125 0.076171875
0 0.26484375 0.4912109375 0.0359375 0.072265625
0 0.29296875 0.48046875 0.0203125 0.0625
0 0.80390625 0.5185546875 0.1484375 0.177734375
0 0.6453125 0.5087890625 0.040625 0.111328125
0 0.59609375 0.49609375 0.0609375 0.0859375
0 0.55546875 0.4912109375 0.0234375 0.068359375
0 0.53828125 0.482421875 0.0171875 0.0546875
0 0.5390625 0.4697265625 0.04375 0.068359375
0 0.5125 0.48046875 0.021875 0.03515625
0 0.4921875 0.474609375 0.021875 0.02734375
0 0.45234375 0.4736328125 0.0203125 0.025390625
1 0.31328125 0.4658203125 0.0234375 0.044921875
0 0.3390625 0.478515625 0.028125 0.03515625
