0 0.0703125 0.546875 0.1375 0.23046875
0 0.16875 0.521484375 0.103125 0.14453125
0 0.30625 0.48046875 0.10625 0.09765625
0 0.3640625 0.4755859375 0.0375 0.064453125
0 0.4 0.4697265625 0.0375 0.044921875
0 0.41484375 0.455078125 0.0421875 0.046875
0 0.70078125 0.5302734375 0.1578125 0.146484375
0 0.5109375 0.4541015625 0.04375 0.041015625
1 0.540625 0.4658203125 0.021875 0.060546875
1 0.5578125 0.466796875 0.025 0.078125
1 0.4421875 0.4541015625 0.01875 0.044921875
0 0.590625 0.4638671875 0.034375 0.056640625
0 0.62421875 0.4775390625 0.0734375 0.087890625
0 0.37265625 0.466796875 0.0421875 0.0625
0 0.81875 0.4921875 0.06875 0.078125
0 0.90859375 0.5048828125 0.0671875 0.115234375
0 0.74375 0.4453125 0.08125 0.03125
1 0.47890625 0.4560546875 0.0140625 0.037109375
1 0.46875 0.4541015625 0.009375 0.044921875
1 0.45625 0.4609375 0.0125 0.046875
