0 0.4671875 0.4755859375 0.103125 0.060546875
0 0.32109375 0.5986328125 0.5578125 0.275390625
0 0.8171875 0.4619140625 0.05625 0.076171875
1 0.60859375 0.4580078125 0.0265625 0.095703125
1 0.7296875 0.4921875 0.05 0.1640625
1 0.77265625 0.4833984375 0.0421875 0.177734375
1 0.971875 0.5546875 0.05 0.49609375
1 0.8890625 0.5771484375 0.115625 0.435546875
1 0.6375 0.4638671875 0.021875 0.091796875
1 0.659375 0.4599609375 0.025 0.087890625
1 0.12734375 0.4921875 0.0234375 0.03515625
1 0.1921875 0.4736328125 0.021875 0.037109375
1 0.58984375 0.4599609375 0.0234375 0.056640625
1 0.5734375 0.4609375 0.021875 0.05078125
