0 0.95703125 0.5146484375 0.0484375 0.119140625
0 0.88203125 0.5107421875 0.0453125 0.095703125
0 0.8640625 0.4599609375 0.0625 0.060546875
0 0.85234375 0.7421875 0.2921875 0.3671875
0 0.74453125 0.5888671875 0.2203125 0.220703125
0 0.62421875 0.5166015625 0.1046875 0.119140625
0 0.5671875 0.484375 0.04375 0.05859375
0 0.41953125 0.4580078125 0.0359375 0.025390625
0 0.38515625 0.4716796875 0.0359375 0.052734375
0 0.34765625 0.4814453125 0.0546875 0.068359375
0 0.31796875 0.498046875 0.0546875 0.05859375
0 0.28125 0.5234375 0.05625 0.078125
0 0.25 0.537109375 0.059375 0.10546875
0 0.16875 0.560546875 0.159375 0.1640625
0 0.059375 0.623046875 0.115625 0.2109375
0 0.54765625 0.470703125 0.0328125 0.05078125
0 0.534375 0.46484375 0.025 0.0390625
0 0.4765625 0.4453125 0.021875 0.0234375
1 0.4484375 0.4599609375 0.015625 0.041015625
1 0.48984375 0.447265625 0.0171875 0.03125
