0 0.2375 0.5224609375 0.1625 0.158203125
0 0.3921875 0.470703125 0.046875 0.07421875
0 0.36953125 0.4814453125 0.0484375 0.068359375
0 0.34140625 0.4990234375 0.0453125 0.072265625
0 0.32578125 0.509765625 0.0453125 0.07421875
0 0.62734375 0.48828125 0.0578125 0.0625
0 0.659375 0.509765625 0.0875 0.0859375
0 0.78828125 0.591796875 0.2234375 0.1875
1 0.02109375 0.4755859375 0.0234375 0.076171875
0 0.9625 0.8701171875 0.06875 0.244140625
1 0.421875 0.4736328125 0.01875 0.056640625
2 0.0359375 0.4931640625 0.021875 0.033203125
0 0.59140625 0.46875 0.0359375 0.046875
0 0.578125 0.4580078125 0.0375 0.041015625
0 0.4359375 0.455078125 0.03125 0.046875
0 0.45390625 0.451171875 0.0203125 0.03515625
1 0.5375 0.4443359375 0.01875 0.037109375
1 0.5265625 0.4443359375 0.01875 0.037109375
0 0.94921875 0.470703125 0.0828125 0.10546875
0 0.0203125 0.6552734375 0.040625 0.189453125
