1 0.81640625 0.517578125 0.0359375 0.16796875
1 0.7328125 0.5234375 0.040625 0.1796875
1 0.29140625 0.4755859375 0.0359375 0.103515625
1 0.2515625 0.4794921875 0.040625 0.095703125
2 0.29375 0.5068359375 0.028125 0.064453125
2 0.253125 0.5107421875 0.03125 0.060546875
0 0.028125 0.5380859375 0.046875 0.126953125
0 0.06953125 0.5126953125 0.1265625 0.130859375
0 0.19375 0.4921875 0.090625 0.0859375
0 0.3171875 0.4716796875 0.028125 0.056640625
0 0.33046875 0.462890625 0.0296875 0.05078125
0 0.35 0.4638671875 0.021875 0.037109375
0 0.359375 0.4609375 0.01875 0.03515625
0 0.375 0.4609375 0.025 0.03125
1 0.38671875 0.4580078125 0.0171875 0.044921875
1 0.4015625 0.45703125 0.0125 0.03515625
0 0.4375 0.455078125 0.025 0.02734375
0 0.58203125 0.45703125 0.0265625 0.04296875
0 0.6015625 0.45703125 0.0375 0.0546875
0 0.565625 0.4560546875 0.025 0.037109375
0 0.6109375 0.490234375 0.028125 0.0546875
0 0.6765625 0.48046875 0.053125 0.0859375
0 0.77421875 0.4970703125 0.0734375 0.095703125
0 0.85234375 0.498046875 0.0578125 0.10546875
0 0.9234375 0.5400390625 0.134375 0.248046875
1 0.484375 0.455078125 0.015625 0.03125
1 0.4703125 0.4541015625 0.0125 0.037109375
