1 0.70234375 0.5244140625 0.0359375 0.130859375
1 0.68671875 0.54296875 0.0484375 0.1484375
1 0.6515625 0.537109375 0.046875 0.15625
0 0.8390625 0.607421875 0.221875 0.17578125
0 0.759375 0.5322265625 0.10625 0.123046875
0 0.60546875 0.46484375 0.0453125 0.04296875
0 0.54609375 0.45703125 0.0328125 0.03515625
0 0.45390625 0.46484375 0.0328125 0.05078125
0 0.421875 0.474609375 0.05 0.05859375
0 0.36015625 0.48828125 0.0765625 0.0859375
0 0.30078125 0.4599609375 0.0515625 0.037109375
0 0.26484375 0.451171875 0.0671875 0.0390625
0 0.20703125 0.474609375 0.1296875 0.0546875
0 0.32265625 0.521484375 0.0828125 0.09765625
0 0.26875 0.548828125 0.1125 0.125
0 0.17109375 0.5908203125 0.1765625 0.177734375
0 0.08046875 0.6787109375 0.1609375 0.287109375
0 0.04375 0.458984375 0.071875 0.046875
0 0.11015625 0.458984375 0.0578125 0.05078125
