0 0.28515625 0.5244140625 0.0703125 0.068359375
0 0.3328125 0.5146484375 0.03125 0.044921875
0 0.415625 0.51171875 0.05625 0.05078125
0 0.51328125 0.5595703125 0.1453125 0.138671875
1 0.83984375 0.5048828125 0.0234375 0.076171875
1 0.82109375 0.505859375 0.0296875 0.0703125
1 0.01015625 0.5302734375 0.0203125 0.115234375
1 0.23203125 0.4970703125 0.0203125 0.033203125
2 0.81953125 0.5888671875 0.1234375 0.115234375
1 0.70625 0.49609375 0.01875 0.0546875
1 0.64765625 0.4921875 0.0203125 0.03515625
1 0.56796875 0.5 0.0234375 0.04296875
1 0.67578125 0.4892578125 0.0265625 0.037109375
