0 0.915625 0.5185546875 0.165625 0.162109375
0 0.91015625 0.82421875 0.1734375 0.34765625
0 0.8453125 0.6669921875 0.30625 0.275390625
0 0.35546875 0.4853515625 0.0578125 0.060546875
0 0.29921875 0.4658203125 0.0359375 0.044921875
0 0.05859375 0.5224609375 0.1171875 0.099609375
1 0.27578125 0.5224609375 0.0359375 0.119140625
1 0.2390625 0.4736328125 0.021875 0.052734375
1 0.6671875 0.45703125 0.01875 0.05078125
1 0.63046875 0.455078125 0.0203125 0.05078125
1 0.6515625 0.4560546875 0.025 0.056640625
2 0.27109375 0.57421875 0.0359375 0.09765625
0 0.04921875 0.48046875 0.0984375 0.05078125
0 0.559375 0.4736328125 0.078125 0.041015625
1 0.55625 0.4462890625 0.01875 0.029296875
0 0.45078125 0.47265625 0.0359375 0.03515625
0 0.43359375 0.46484375 0.0265625 0.03125
0 0.4140625 0.4619140625 0.025 0.029296875
2 0.81796875 0.513671875 0.0515625 0.04296875
