1 0.74921875 0.4814453125 0.0609375 0.201171875
1 0.8609375 0.4599609375 0.028125 0.083984375
2 0.7484375 0.5537109375 0.065625 0.130859375
2 0.84921875 0.4990234375 0.0453125 0.068359375
1 0.68984375 0.4697265625 0.0296875 0.087890625
1 0.659375 0.462890625 0.028125 0.07421875
1 0.64140625 0.462890625 0.0265625 0.07421875
0 0.4625 0.4814453125 0.065625 0.064453125
0 0.43125 0.4638671875 0.021875 0.029296875
0 0.2765625 0.4794921875 0.0625 0.068359375
0 0.19296875 0.4814453125 0.1078125 0.091796875
0 0.0328125 0.494140625 0.065625 0.19140625
1 0.9421875 0.4296875 0.040625 0.0625
1 0.88671875 0.5029296875 0.0421875 0.150390625
0 0.09140625 0.4833984375 0.0765625 0.076171875
