2 0.61953125 0.5830078125 0.0828125 0.107421875
2 0.73359375 0.568359375 0.1234375 0.1640625
2 0.29765625 0.5458984375 0.0328125 0.072265625
2 0.32265625 0.56640625 0.0484375 0.08984375
2 0.4 0.5537109375 0.06875 0.123046875
2 0.22890625 0.53125 0.0234375 0.06640625
2 0.128125 0.5302734375 0.028125 0.060546875
1 0.66875 0.486328125 0.10625 0.2421875
1 0.35390625 0.490234375 0.0671875 0.1796875
1 0.3109375 0.447265625 0.059375 0.1328125
1 0.22890625 0.4833984375 0.0265625 0.099609375
1 0.13046875 0.484375 0.0359375 0.09765625
0 0.54765625 0.4794921875 0.0765625 0.083984375
0 0.184375 0.478515625 0.075 0.08984375
0 0.04296875 0.5009765625 0.0859375 0.115234375
0 0.509375 0.482421875 0.021875 0.05078125
0 0.49453125 0.4775390625 0.0203125 0.041015625
