1 0.1703125 0.48828125 0.015625 0.05859375
1 0.61484375 0.4755859375 0.0296875 0.087890625
1 0.64140625 0.4638671875 0.0328125 0.107421875
1 0.75390625 0.4775390625 0.0546875 0.158203125
0 0.81015625 0.4619140625 0.0609375 0.076171875
0 0.925 0.447265625 0.14375 0.13671875
0 0.95078125 0.4892578125 0.0921875 0.123046875
1 0.6765625 0.4287109375 0.021875 0.029296875
0 0.7203125 0.4521484375 0.025 0.037109375
1 0.1265625 0.4873046875 0.01875 0.033203125
0 0.45390625 0.4619140625 0.0328125 0.029296875
1 0.5921875 0.4599609375 0.01875 0.056640625
