0 0.1203125 0.51171875 0.171875 0.13671875
0 0.2109375 0.486328125 0.10625 0.11328125
0 0.91640625 0.5380859375 0.1640625 0.216796875
2 0.7953125 0.59765625 0.034375 0.1796875
0 0.72578125 0.5048828125 0.0890625 0.115234375
0 0.671875 0.4921875 0.08125 0.0859375
0 0.63515625 0.484375 0.0546875 0.0703125
0 0.28671875 0.48046875 0.0609375 0.0625
0 0.59296875 0.4755859375 0.0484375 0.044921875
0 0.32578125 0.4736328125 0.0328125 0.052734375
0 0.3421875 0.470703125 0.028125 0.05078125
1 0.7921875 0.4921875 0.08125 0.2265625
0 0.56953125 0.466796875 0.0234375 0.04296875
0 0.56015625 0.4638671875 0.0265625 0.044921875
0 0.55 0.4658203125 0.021875 0.037109375
0 0.5359375 0.46484375 0.021875 0.03125
0 0.525 0.4658203125 0.01875 0.025390625
0 0.5109375 0.462890625 0.021875 0.02734375
0 0.4828125 0.4658203125 0.021875 0.025390625
0 0.4296875 0.4599609375 0.021875 0.025390625
0 0.40859375 0.46484375 0.0203125 0.0234375
0 0.39140625 0.4638671875 0.0203125 0.029296875
0 0.378125 0.46484375 0.021875 0.04296875
0 0.3609375 0.46875 0.015625 0.046875
1 0.07734375 0.4462890625 0.0203125 0.041015625
