0 0.0609375 0.6435546875 0.115625 0.224609375
0 0.14296875 0.55859375 0.1796875 0.18359375
0 0.2484375 0.533203125 0.0875 0.11328125
0 0.30546875 0.515625 0.0578125 0.078125
0 0.34921875 0.4833984375 0.0609375 0.072265625
0 0.6296875 0.49609375 0.078125 0.09765625
0 0.65078125 0.5341796875 0.0578125 0.099609375
0 0.7359375 0.5625 0.18125 0.1796875
0 0.85625 0.67578125 0.275 0.24609375
0 0.95859375 0.84375 0.0734375 0.25390625
1 0.5296875 0.453125 0.01875 0.046875
1 0.5140625 0.44921875 0.01875 0.04296875
0 0.5546875 0.45703125 0.034375 0.046875
0 0.57734375 0.4736328125 0.0421875 0.060546875
0 0.4 0.46875 0.021875 0.046875
0 0.41796875 0.4541015625 0.0296875 0.044921875
0 0.38125 0.4814453125 0.025 0.056640625
