1 0.91171875 0.4228515625 0.0171875 0.029296875
1 0.8859375 0.43359375 0.01875 0.05078125
1 0.86875 0.4375 0.01875 0.05859375
0 0.70625 0.5078125 0.2125 0.21484375
0 0.59453125 0.4853515625 0.0734375 0.134765625
0 0.51796875 0.46484375 0.0453125 0.05078125
0 0.45390625 0.462890625 0.0484375 0.05859375
0 0.35078125 0.4638671875 0.0265625 0.044921875
0 0.3203125 0.4697265625 0.03125 0.056640625
0 0.28046875 0.4765625 0.0453125 0.06640625
0 0.2546875 0.4892578125 0.059375 0.060546875
0 0.19453125 0.490234375 0.0734375 0.10546875
0 0.10234375 0.51171875 0.1359375 0.1328125
