0 0.7421875 0.4775390625 0.134375 0.087890625
0 0.6140625 0.51953125 0.1 0.09375
0 0.646875 0.548828125 0.128125 0.12890625
0 0.7453125 0.619140625 0.259375 0.21484375
0 0.34375 0.4677734375 0.0375 0.044921875
0 0.32265625 0.458984375 0.0265625 0.03515625
0 0.18515625 0.486328125 0.0734375 0.05859375
0 0.13359375 0.4755859375 0.0703125 0.044921875
0 0.13359375 0.55078125 0.1265625 0.125
0 0.059375 0.5537109375 0.11875 0.103515625
0 0.0828125 0.7333984375 0.1625 0.341796875
1 0.37734375 0.470703125 0.0234375 0.05078125
1 0.259375 0.4638671875 0.01875 0.044921875
1 0.2515625 0.462890625 0.01875 0.046875
1 0.565625 0.4560546875 0.021875 0.044921875
2 0.8609375 0.515625 0.034375 0.04296875
2 0.81328125 0.5126953125 0.0359375 0.052734375
2 0.37734375 0.48828125 0.0140625 0.0390625
0 0.2921875 0.458984375 0.034375 0.0390625
