0 0.184375 0.52734375 0.153125 0.1328125
0 0.3015625 0.4931640625 0.0875 0.119140625
0 0.371875 0.4892578125 0.075 0.064453125
0 0.4046875 0.4755859375 0.053125 0.056640625
0 0.48046875 0.4619140625 0.0421875 0.033203125
0 0.66953125 0.5107421875 0.0578125 0.087890625
0 0.740625 0.5478515625 0.165625 0.154296875
0 0.93515625 0.4765625 0.1265625 0.0625
0 0.86953125 0.6298828125 0.2546875 0.275390625
0 0.9734375 0.7783203125 0.046875 0.275390625
1 0.61640625 0.4931640625 0.0421875 0.095703125
0 0.5859375 0.46875 0.028125 0.03125
1 0.51484375 0.4560546875 0.0109375 0.029296875
1 0.72578125 0.4609375 0.0203125 0.0234375
1 0.7109375 0.4609375 0.01875 0.0234375
0 0.83515625 0.4658203125 0.0671875 0.044921875
