1 0.08671875 0.45703125 0.0234375 0.08203125
1 0.734375 0.4677734375 0.025 0.087890625
1 0.81875 0.4755859375 0.04375 0.115234375
1 0.784375 0.4775390625 0.059375 0.126953125
0 0.5765625 0.4794921875 0.065625 0.064453125
0 0.4265625 0.470703125 0.065625 0.07421875
0 0.54453125 0.46484375 0.0296875 0.04296875
0 0.53515625 0.458984375 0.0296875 0.046875
0 0.5171875 0.4501953125 0.021875 0.025390625
1 0.03828125 0.4375 0.0203125 0.03125
1 0.06328125 0.4384765625 0.0265625 0.029296875
1 0.9890625 0.447265625 0.01875 0.046875
0 0.46953125 0.4443359375 0.0296875 0.025390625
