1 0.66796875 0.494140625 0.0328125 0.078125
1 0.63828125 0.4921875 0.0328125 0.07421875
0 0.86015625 0.6630859375 0.2765625 0.474609375
0 0.08828125 0.4853515625 0.0703125 0.091796875
0 0.3 0.4697265625 0.034375 0.041015625
1 0.43046875 0.4580078125 0.0203125 0.037109375
1 0.43828125 0.4677734375 0.0203125 0.041015625
1 0.3984375 0.4755859375 0.021875 0.056640625
1 0.34375 0.4833984375 0.025 0.052734375
1 0.31640625 0.4697265625 0.0203125 0.056640625
0 0.0296875 0.4814453125 0.05 0.126953125
0 0.56796875 0.48046875 0.0703125 0.0390625
