0 0.08515625 0.6103515625 0.1703125 0.185546875
0 0.1859375 0.5283203125 0.15625 0.150390625
0 0.2796875 0.5068359375 0.05 0.095703125
0 0.3671875 0.4814453125 0.0375 0.072265625
0 0.56875 0.4716796875 0.040625 0.052734375
0 0.678125 0.529296875 0.096875 0.10546875
0 0.70234375 0.568359375 0.1296875 0.14453125
0 0.85 0.6484375 0.296875 0.31640625
0 0.94765625 0.8369140625 0.1015625 0.322265625
1 0.6015625 0.560546875 0.071875 0.22265625
1 0.45078125 0.5634765625 0.0671875 0.212890625
1 0.30625 0.5078125 0.025 0.08984375
2 0.446875 0.619140625 0.0375 0.11328125
1 0.39609375 0.46875 0.0234375 0.078125
0 0.75234375 0.4501953125 0.0578125 0.037109375
0 0.728125 0.4453125 0.08125 0.04296875
0 0.646875 0.4462890625 0.065625 0.029296875
0 0.025 0.4775390625 0.05 0.068359375
2 0.39375 0.501953125 0.01875 0.04296875
