0 0.428125 0.482421875 0.05625 0.0546875
0 0.3609375 0.4921875 0.065625 0.0703125
0 0.27890625 0.5068359375 0.1046875 0.091796875
0 0.8625 0.5263671875 0.1875 0.134765625
0 0.94453125 0.5439453125 0.1078125 0.189453125
1 0.71640625 0.486328125 0.0453125 0.1171875
1 0.6875 0.4833984375 0.028125 0.076171875
1 0.64140625 0.486328125 0.0265625 0.0625
2 0.7140625 0.5341796875 0.021875 0.064453125
2 0.68828125 0.5205078125 0.0265625 0.052734375
2 0.6421875 0.5078125 0.01875 0.0390625
0 0.50625 0.482421875 0.025 0.03125
