1 0.94609375 0.46484375 0.0484375 0.0859375
1 0.878125 0.5400390625 0.065625 0.228515625
0 0.7875 0.4912109375 0.125 0.134765625
1 0.646875 0.494140625 0.025 0.12890625
0 0.69921875 0.474609375 0.0234375 0.02734375
0 0.675 0.4716796875 0.021875 0.029296875
0 0.6171875 0.474609375 0.028125 0.0234375
0 0.475 0.478515625 0.03125 0.03515625
0 0.44296875 0.48828125 0.0453125 0.05078125
1 0.37578125 0.4794921875 0.0203125 0.064453125
0 0.34453125 0.4736328125 0.0296875 0.037109375
1 0.27109375 0.4970703125 0.0234375 0.068359375
1 0.2390625 0.48046875 0.021875 0.08203125
0 0.20859375 0.4619140625 0.0328125 0.029296875
0 0.146875 0.4609375 0.05625 0.0390625
0 0.084375 0.486328125 0.1125 0.1015625
0 0.0203125 0.4609375 0.034375 0.04296875
