1 0.9390625 0.515625 0.11875 0.28125
0 0.6109375 0.5048828125 0.09375 0.087890625
0 0.55859375 0.5048828125 0.0328125 0.072265625
0 0.528125 0.4951171875 0.05 0.060546875
0 0.4609375 0.4951171875 0.025 0.029296875
0 0.4265625 0.4931640625 0.0375 0.029296875
0 0.39140625 0.490234375 0.0296875 0.03515625
0 0.36171875 0.4931640625 0.0265625 0.041015625
0 0.33203125 0.4931640625 0.0359375 0.041015625
0 0.2953125 0.4951171875 0.034375 0.041015625
0 0.259375 0.498046875 0.034375 0.046875
0 0.234375 0.49609375 0.021875 0.0546875
0 0.20390625 0.4951171875 0.0421875 0.060546875
0 0.16875 0.4990234375 0.053125 0.060546875
0 0.090625 0.4921875 0.1 0.09765625
0 0.0234375 0.498046875 0.046875 0.109375
