1 0.63671875 0.498046875 0.0296875 0.12109375
1 0.69140625 0.515625 0.0734375 0.1953125
0 0.07734375 0.443359375 0.1421875 0.06640625
0 0.09140625 0.55078125 0.1796875 0.203125
0 0.34140625 0.4951171875 0.1015625 0.083984375
0 0.39921875 0.4814453125 0.0421875 0.056640625
0 0.43046875 0.466796875 0.0421875 0.05078125
0 0.4859375 0.4580078125 0.034375 0.037109375
0 0.86484375 0.494140625 0.1046875 0.09375
0 0.9640625 0.50390625 0.05 0.0625
0 0.80078125 0.552734375 0.1515625 0.15234375
0 0.95625 0.720703125 0.078125 0.1953125
0 0.77421875 0.458984375 0.0921875 0.04296875
0 0.45390625 0.4658203125 0.0296875 0.056640625
1 0.36015625 0.4404296875 0.0234375 0.029296875
0 0.171875 0.4638671875 0.06875 0.072265625
0 0.50625 0.453125 0.01875 0.02734375
0 0.60078125 0.451171875 0.0265625 0.03125
