0 0.9 0.65234375 0.19375 0.25390625
0 0.80703125 0.578125 0.1734375 0.16015625
0 0.71953125 0.5361328125 0.0921875 0.083984375
0 0.68828125 0.5087890625 0.1203125 0.091796875
1 0.5796875 0.4677734375 0.021875 0.041015625
1 0.2765625 0.4794921875 0.021875 0.064453125
1 0.26171875 0.4794921875 0.0203125 0.068359375
1 0.2421875 0.478515625 0.021875 0.06640625
0 0.49765625 0.451171875 0.0203125 0.02734375
1 0.37109375 0.4638671875 0.0171875 0.041015625
0 0.85703125 0.4677734375 0.0578125 0.044921875
