0 0.8515625 0.5751953125 0.29375 0.275390625
0 0.61796875 0.5185546875 0.1734375 0.142578125
0 0.73203125 0.462890625 0.0796875 0.04296875
0 0.453125 0.4775390625 0.103125 0.091796875
0 0.30234375 0.47265625 0.0484375 0.046875
0 0.26953125 0.478515625 0.0203125 0.0390625
0 0.03203125 0.486328125 0.0203125 0.05859375
0 0.19765625 0.474609375 0.0390625 0.03125
0 0.17109375 0.474609375 0.0171875 0.02734375
0 0.37890625 0.45703125 0.0296875 0.0234375
0 0.15703125 0.47265625 0.0140625 0.0234375
0 0.13984375 0.4736328125 0.0203125 0.025390625
0 0.05 0.484375 0.01875 0.046875
0 0.01484375 0.490234375 0.0296875 0.06640625
