0 0.93046875 0.4990234375 0.0890625 0.103515625
1 0.83046875 0.5087890625 0.0453125 0.169921875
1 0.77578125 0.521484375 0.0453125 0.1875
0 0.72578125 0.498046875 0.0515625 0.08984375
1 0.6109375 0.490234375 0.028125 0.109375
0 0.66875 0.470703125 0.028125 0.01953125
0 0.6390625 0.470703125 0.028125 0.01953125
0 0.4796875 0.4765625 0.025 0.03515625
0 0.4484375 0.482421875 0.034375 0.0390625
1 0.40234375 0.484375 0.0203125 0.0625
0 0.36875 0.4736328125 0.03125 0.033203125
1 0.29453125 0.4931640625 0.0234375 0.068359375
1 0.26796875 0.4853515625 0.0203125 0.064453125
0 0.24140625 0.455078125 0.0265625 0.03125
0 0.1828125 0.4580078125 0.053125 0.041015625
0 0.12890625 0.4814453125 0.0890625 0.080078125
