0 0.73828125 0.529296875 0.2234375 0.19921875
0 0.6140625 0.5 0.10625 0.12109375
0 0.559375 0.490234375 0.0625 0.08203125
0 0.5203125 0.4736328125 0.05 0.048828125
0 0.4546875 0.46875 0.04375 0.04296875
1 0.97421875 0.4853515625 0.0484375 0.162109375
1 0.92421875 0.4990234375 0.0453125 0.134765625
1 0.29296875 0.4609375 0.0171875 0.05078125
2 0.3625 0.490234375 0.01875 0.03125
0 0.43125 0.4609375 0.015625 0.0234375
1 0.384375 0.46484375 0.009375 0.03515625
1 0.3640625 0.455078125 0.01875 0.04296875
1 0.3484375 0.4560546875 0.009375 0.041015625
1 0.3375 0.455078125 0.009375 0.03515625
1 0.275 0.4658203125 0.0125 0.052734375
2 0.2453125 0.4833984375 0.028125 0.060546875
2 0.2296875 0.47265625 0.021875 0.046875
2 0.20234375 0.4755859375 0.0203125 0.052734375
2 0.175 0.4736328125 0.01875 0.041015625
2 0.1578125 0.4951171875 0.021875 0.068359375
2 0.1390625 0.490234375 0.021875 0.08203125
2 0.125 0.486328125 0.025 0.0859375
2 0.109375 0.4921875 0.034375 0.078125
2 0.04765625 0.4970703125 0.0328125 0.103515625
