0 0.06796875 0.5146484375 0.1328125 0.115234375
0 0.16015625 0.4951171875 0.0953125 0.099609375
0 0.2296875 0.4951171875 0.06875 0.072265625
0 0.27265625 0.4853515625 0.0578125 0.060546875
0 0.40859375 0.48046875 0.0671875 0.0625
0 0.52734375 0.470703125 0.1015625 0.04296875
1 0.75703125 0.4970703125 0.0203125 0.115234375
1 0.60078125 0.48828125 0.0234375 0.0703125
0 0.4421875 0.4697265625 0.025 0.029296875
0 0.46953125 0.4716796875 0.0234375 0.025390625
2 0.60078125 0.5078125 0.0203125 0.046875
