0 0.0578125 0.53125 0.115625 0.23046875
0 0.25625 0.5009765625 0.15 0.130859375
0 0.36640625 0.486328125 0.0765625 0.0859375
0 0.65703125 0.5 0.0796875 0.078125
0 0.73671875 0.5439453125 0.1359375 0.146484375
0 0.8375 0.5751953125 0.221875 0.166015625
0 0.88203125 0.7197265625 0.2234375 0.384765625
0 0.5671875 0.4775390625 0.03125 0.037109375
0 0.62421875 0.494140625 0.0328125 0.05859375
0 0.60859375 0.486328125 0.0265625 0.04296875
1 0.546875 0.478515625 0.015625 0.0390625
1 0.534375 0.48046875 0.015625 0.04296875
0 0.409375 0.486328125 0.025 0.05859375
0 0.41953125 0.4794921875 0.0234375 0.052734375
0 0.4359375 0.4794921875 0.01875 0.044921875
0 0.44453125 0.4697265625 0.0203125 0.029296875
