1 0.52890625 0.46484375 0.0203125 0.05859375
0 0.9515625 0.8447265625 0.090625 0.240234375
0 0.87109375 0.669921875 0.2546875 0.2578125
0 0.74609375 0.5478515625 0.2171875 0.197265625
0 0.65078125 0.51953125 0.0546875 0.09765625
0 0.61328125 0.494140625 0.0765625 0.10546875
0 0.3578125 0.4794921875 0.0625 0.087890625
0 0.321875 0.498046875 0.0625 0.0859375
0 0.28671875 0.5146484375 0.0671875 0.091796875
0 0.23828125 0.5322265625 0.0953125 0.115234375
0 0.16875 0.5654296875 0.134375 0.146484375
1 0.0828125 0.5009765625 0.0375 0.060546875
0 0.0703125 0.60546875 0.134375 0.23828125
1 0.5484375 0.4638671875 0.021875 0.060546875
0 0.4078125 0.4580078125 0.03125 0.041015625
0 0.4296875 0.4560546875 0.025 0.033203125
0 0.440625 0.4521484375 0.01875 0.029296875
0 0.925 0.4970703125 0.0875 0.060546875
