3 0.95234375 0.54296875 0.0265625 0.03125
1 0.97265625 0.5166015625 0.0203125 0.091796875
1 0.9875 0.5361328125 0.01875 0.064453125
0 0.7640625 0.4951171875 0.053125 0.056640625
0 0.746875 0.4853515625 0.046875 0.060546875
0 0.5484375 0.46875 0.053125 0.046875
0 0.43671875 0.4375 0.0484375 0.02734375
0 0.4640625 0.5498046875 0.171875 0.212890625
0 0.28671875 0.4951171875 0.1734375 0.107421875
0 0.36015625 0.6416015625 0.2828125 0.271484375
0 0.7109375 0.4736328125 0.034375 0.033203125
0 0.6953125 0.466796875 0.028125 0.02734375
0 0.565625 0.462890625 0.0375 0.046875
