1 0.8921875 0.4970703125 0.034375 0.099609375
1 0.7921875 0.4765625 0.021875 0.0859375
1 0.7734375 0.4755859375 0.021875 0.099609375
1 0.428125 0.4462890625 0.01875 0.033203125
0 0.6109375 0.470703125 0.071875 0.078125
0 0.28046875 0.4892578125 0.1421875 0.150390625
0 0.8453125 0.453125 0.084375 0.08984375
0 0.91484375 0.4775390625 0.0359375 0.068359375
0 0.98046875 0.4775390625 0.0359375 0.076171875
1 0.49296875 0.4482421875 0.0109375 0.037109375
1 0.48203125 0.447265625 0.0109375 0.03515625
0 0.86796875 0.4775390625 0.0359375 0.056640625
