1 0.740625 0.5078125 0.040625 0.1328125
0 0.79140625 0.4892578125 0.0578125 0.072265625
0 0.584375 0.4814453125 0.059375 0.068359375
0 0.0484375 0.5537109375 0.09375 0.181640625
0 0.1265625 0.5283203125 0.14375 0.126953125
0 0.25703125 0.5 0.1015625 0.08203125
0 0.3125 0.486328125 0.059375 0.06640625
1 0.53046875 0.46875 0.0203125 0.05859375
0 0.5140625 0.462890625 0.021875 0.03125
0 0.36015625 0.482421875 0.0453125 0.05078125
0 0.38671875 0.4736328125 0.0234375 0.041015625
0 0.4 0.4638671875 0.04375 0.044921875
0 0.434375 0.4599609375 0.028125 0.033203125
0 0.453125 0.4599609375 0.021875 0.029296875
