0 0.02890625 0.6259765625 0.0578125 0.216796875
0 0.17421875 0.5341796875 0.1359375 0.138671875
0 0.31328125 0.4873046875 0.0703125 0.076171875
0 0.37421875 0.4638671875 0.0453125 0.044921875
0 0.6265625 0.466796875 0.053125 0.046875
0 0.79765625 0.4912109375 0.1078125 0.095703125
0 0.85078125 0.677734375 0.2921875 0.2578125
1 0.3578125 0.484375 0.028125 0.078125
1 0.25859375 0.51953125 0.0421875 0.12109375
0 0.93671875 0.4970703125 0.1203125 0.083984375
0 0.69375 0.482421875 0.04375 0.05859375
0 0.41953125 0.451171875 0.0265625 0.03125
0 0.57890625 0.4453125 0.0265625 0.0234375
