0 0.03671875 0.5107421875 0.0734375 0.091796875
0 0.10078125 0.50390625 0.0703125 0.0703125
0 0.15546875 0.498046875 0.0578125 0.05859375
0 0.18984375 0.4912109375 0.0359375 0.044921875
0 0.221875 0.494140625 0.0375 0.04296875
0 0.31953125 0.478515625 0.0515625 0.0390625
0 0.56796875 0.4833984375 0.0421875 0.056640625
0 0.6296875 0.486328125 0.09375 0.09765625
0 0.69921875 0.5009765625 0.1328125 0.134765625
0 0.81484375 0.529296875 0.2265625 0.17578125
0 0.925 0.5439453125 0.146875 0.255859375
0 0.37265625 0.4736328125 0.0296875 0.029296875
0 0.43515625 0.4765625 0.0328125 0.0390625
0 0.540625 0.484375 0.028125 0.046875
0 0.24375 0.4873046875 0.034375 0.041015625
0 0.26015625 0.4814453125 0.0265625 0.037109375
0 0.27734375 0.484375 0.0234375 0.03515625
0 0.57890625 0.494140625 0.0328125 0.0625
0 0.484375 0.4716796875 0.021875 0.029296875
