0 0.86328125 0.541015625 0.2703125 0.32421875
0 0.59375 0.49609375 0.075 0.07421875
0 0.48515625 0.48046875 0.0859375 0.07421875
0 0.43046875 0.4931640625 0.0203125 0.025390625
0 0.40546875 0.4921875 0.0265625 0.0234375
0 0.38203125 0.4912109375 0.0234375 0.025390625
0 0.3453125 0.4833984375 0.04375 0.044921875
1 0.24296875 0.4814453125 0.0203125 0.044921875
1 0.225 0.4853515625 0.01875 0.044921875
1 0.20859375 0.4892578125 0.0203125 0.037109375
1 0.18203125 0.490234375 0.0203125 0.03515625
1 0.1578125 0.4912109375 0.01875 0.037109375
0 0.075 0.5458984375 0.15 0.173828125
