0 0.065625 0.5390625 0.13125 0.24609375
0 0.1640625 0.521484375 0.1125 0.15234375
0 0.2765625 0.494140625 0.11875 0.10546875
0 0.33828125 0.48828125 0.0515625 0.06640625
0 0.3859375 0.4716796875 0.065625 0.064453125
0 0.6359375 0.498046875 0.090625 0.0859375
0 0.88203125 0.7138671875 0.2328125 0.412109375
0 0.51875 0.4580078125 0.040625 0.033203125
1 0.55390625 0.4697265625 0.0203125 0.068359375
1 0.46484375 0.4609375 0.0140625 0.0390625
0 0.5984375 0.474609375 0.05 0.0546875
0 0.41484375 0.466796875 0.0234375 0.04296875
0 0.4359375 0.4638671875 0.028125 0.033203125
0 0.74296875 0.4931640625 0.0453125 0.064453125
1 0.48125 0.4599609375 0.01875 0.041015625
0 0.93125 0.48828125 0.084375 0.0625
