2 0.06484375 0.529296875 0.0703125 0.08984375
2 0.1234375 0.5263671875 0.028125 0.060546875
2 0.1890625 0.5078125 0.028125 0.0390625
0 0.58515625 0.453125 0.0578125 0.0390625
0 0.584375 0.4716796875 0.05 0.033203125
0 0.22109375 0.4677734375 0.0859375 0.087890625
1 0.06640625 0.4794921875 0.0578125 0.146484375
1 0.12109375 0.4736328125 0.0453125 0.119140625
1 0.18671875 0.4736328125 0.0296875 0.060546875
2 0.240625 0.4990234375 0.034375 0.037109375
1 0.23984375 0.462890625 0.0234375 0.06640625
2 0.29296875 0.4912109375 0.0203125 0.041015625
