0 0.8109375 0.4609375 0.059375 0.07421875
0 0.925 0.4453125 0.146875 0.13671875
0 0.94375 0.486328125 0.1 0.11328125
1 0.7421875 0.478515625 0.0375 0.1484375
1 0.70390625 0.4765625 0.0453125 0.171875
1 0.4390625 0.474609375 0.028125 0.11328125
1 0.3921875 0.482421875 0.040625 0.109375
1 0.171875 0.48046875 0.01875 0.04296875
1 0.128125 0.48828125 0.021875 0.03125
1 0.55 0.4599609375 0.01875 0.044921875
1 0.5984375 0.4560546875 0.01875 0.052734375
0 0.64375 0.4482421875 0.025 0.029296875
1 0.66875 0.435546875 0.01875 0.0390625
1 0.36640625 0.466796875 0.0140625 0.02734375
2 0.38828125 0.5146484375 0.0203125 0.072265625
