0 0.7828125 0.4248046875 0.075 0.083984375
0 0.0578125 0.427734375 0.115625 0.11328125
2 0.01484375 0.4951171875 0.0296875 0.056640625
2 0.0546875 0.498046875 0.028125 0.04296875
2 0.1109375 0.4873046875 0.053125 0.044921875
1 0.11796875 0.443359375 0.0328125 0.09765625
1 0.2140625 0.439453125 0.0375 0.07421875
1 0.29921875 0.4404296875 0.0328125 0.056640625
1 0.36875 0.4326171875 0.034375 0.060546875
2 0.21796875 0.474609375 0.0484375 0.05078125
2 0.30234375 0.466796875 0.0421875 0.04296875
2 0.37421875 0.4609375 0.0328125 0.0390625
