1 0.82265625 0.5986328125 0.1078125 0.400390625
1 0.0171875 0.5791015625 0.034375 0.326171875
0 0.1375 0.5458984375 0.228125 0.181640625
0 0.27109375 0.51953125 0.1109375 0.1328125
0 0.403125 0.4619140625 0.06875 0.041015625
0 0.921875 0.6357421875 0.15 0.416015625
0 0.74609375 0.5361328125 0.0734375 0.123046875
0 0.71640625 0.5166015625 0.0546875 0.083984375
0 0.68671875 0.4921875 0.0703125 0.0859375
0 0.6328125 0.4736328125 0.034375 0.037109375
0 0.5859375 0.4619140625 0.03125 0.029296875
0 0.6484375 0.4853515625 0.0375 0.044921875
0 0.4640625 0.4599609375 0.034375 0.029296875
1 0.484375 0.4599609375 0.01875 0.033203125
0 0.309375 0.45703125 0.053125 0.0546875
0 0.34296875 0.4619140625 0.0359375 0.037109375
0 0.5359375 0.458984375 0.021875 0.0234375
1 0.7109375 0.4833984375 0.025 0.044921875
1 0.7515625 0.4697265625 0.021875 0.025390625
0 0.1203125 0.447265625 0.09375 0.06640625
