0 0.5046875 0.5009765625 0.10625 0.123046875
1 0.2453125 0.47265625 0.009375 0.0390625
1 0.23359375 0.4755859375 0.0109375 0.041015625
1 0.21015625 0.4765625 0.0109375 0.03515625
1 0.20078125 0.4775390625 0.0078125 0.037109375
1 0.18515625 0.4775390625 0.0109375 0.037109375
1 0.3140625 0.4716796875 0.009375 0.029296875
1 0.3046875 0.470703125 0.009375 0.02734375
1 0.29609375 0.47265625 0.0109375 0.02734375
1 0.28359375 0.4736328125 0.0078125 0.029296875
1 0.271875 0.4765625 0.009375 0.03515625
1 0.26015625 0.4765625 0.0109375 0.03515625
1 0.1578125 0.4736328125 0.0125 0.048828125
1 0.1390625 0.4755859375 0.0125 0.056640625
1 0.121875 0.48046875 0.0125 0.0546875
1 0.10078125 0.484375 0.0140625 0.0546875
1 0.05625 0.4580078125 0.01875 0.041015625
2 0.05703125 0.5 0.0296875 0.0390625
1 0.01796875 0.486328125 0.0203125 0.07421875
