0 0.55546875 0.4755859375 0.0546875 0.044921875
0 0.534375 0.4580078125 0.04375 0.041015625
0 0.49609375 0.4384765625 0.0328125 0.029296875
2 0.590625 0.541015625 0.096875 0.06640625
1 0.596875 0.505859375 0.046875 0.13671875
1 0.83828125 0.4892578125 0.0296875 0.107421875
1 0.7921875 0.4814453125 0.0375 0.107421875
1 0.25703125 0.4931640625 0.0359375 0.072265625
1 0.36875 0.4482421875 0.01875 0.041015625
1 0.14453125 0.48046875 0.0328125 0.08984375
1 0.096875 0.474609375 0.025 0.0625
1 0.06875 0.4677734375 0.028125 0.041015625
