0 0.9515625 0.4892578125 0.0875 0.115234375
0 0.92265625 0.4453125 0.1390625 0.13671875
0 0.809375 0.462890625 0.059375 0.078125
1 0.6546875 0.46875 0.025 0.08203125
1 0.62890625 0.458984375 0.0265625 0.08203125
1 0.16875 0.478515625 0.01875 0.04296875
1 0.11484375 0.4931640625 0.0203125 0.056640625
1 0.571875 0.45703125 0.01875 0.046875
1 0.55078125 0.458984375 0.0203125 0.04296875
1 0.36171875 0.4658203125 0.0078125 0.025390625
1 0.3671875 0.4658203125 0.009375 0.025390625
1 0.5859375 0.455078125 0.01875 0.05078125
1 0.38125 0.4619140625 0.009375 0.029296875
1 0.12734375 0.4912109375 0.0203125 0.033203125
0 0.73046875 0.4541015625 0.0328125 0.044921875
