0 0.04375 0.6396484375 0.0875 0.240234375
1 0.15390625 0.4775390625 0.0203125 0.056640625
1 0.53359375 0.4599609375 0.0203125 0.056640625
0 0.13203125 0.591796875 0.1703125 0.1796875
0 0.21484375 0.5390625 0.1109375 0.109375
0 0.29375 0.5068359375 0.084375 0.119140625
0 0.340625 0.494140625 0.046875 0.06640625
0 0.39453125 0.4609375 0.0515625 0.05859375
0 0.9703125 0.880859375 0.05625 0.23046875
0 0.8703125 0.7138671875 0.25 0.294921875
0 0.71484375 0.54296875 0.1609375 0.15234375
0 0.6390625 0.5263671875 0.075 0.103515625
0 0.61640625 0.50390625 0.0484375 0.08984375
0 0.6109375 0.4892578125 0.06875 0.095703125
0 0.4265625 0.4541015625 0.021875 0.041015625
0 0.56484375 0.4638671875 0.0453125 0.056640625
