1 0.7828125 0.48828125 0.05625 0.1328125
0 0.59140625 0.4677734375 0.0859375 0.076171875
0 0.5453125 0.447265625 0.046875 0.0625
0 0.521875 0.4365234375 0.03125 0.056640625
0 0.50390625 0.4287109375 0.0234375 0.056640625
0 0.47890625 0.3662109375 0.0265625 0.025390625
0 0.45703125 0.3671875 0.0203125 0.0234375
0 0.43046875 0.37109375 0.0234375 0.0234375
0 0.484375 0.3994140625 0.034375 0.037109375
0 0.3765625 0.373046875 0.028125 0.02734375
0 0.3578125 0.38671875 0.01875 0.03125
0 0.35 0.396484375 0.01875 0.03125
0 0.3359375 0.4052734375 0.021875 0.037109375
0 0.32421875 0.419921875 0.0234375 0.05078125
0 0.29296875 0.43359375 0.0484375 0.05078125
0 0.21953125 0.4658203125 0.0890625 0.076171875
0 0.0921875 0.431640625 0.078125 0.0546875
0 0.03046875 0.4287109375 0.0296875 0.056640625
1 0.703125 0.44140625 0.021875 0.03515625
