0 0.7609375 0.4892578125 0.078125 0.052734375
0 0.37109375 0.478515625 0.0609375 0.03125
0 0.30234375 0.4765625 0.0953125 0.04296875
0 0.18984375 0.4765625 0.0796875 0.0390625
0 0.42734375 0.48046875 0.0546875 0.03125
0 0.728125 0.4755859375 0.05625 0.041015625
0 0.91875 0.4873046875 0.0375 0.041015625
0 0.690625 0.4775390625 0.04375 0.041015625
0 0.5015625 0.4794921875 0.05625 0.041015625
0 0.11171875 0.4794921875 0.0359375 0.029296875
0 0.61953125 0.4765625 0.0546875 0.03125
0 0.953125 0.478515625 0.0375 0.0390625
