0 0.34140625 0.46484375 0.0453125 0.07421875
0 0.37578125 0.45703125 0.0265625 0.06640625
0 0.68046875 0.46484375 0.0828125 0.09765625
0 0.628125 0.462890625 0.04375 0.0703125
1 0.734375 0.474609375 0.0375 0.13671875
1 0.8203125 0.482421875 0.071875 0.14453125
1 0.9 0.474609375 0.040625 0.12109375
1 0.9328125 0.4697265625 0.040625 0.138671875
1 0.26484375 0.451171875 0.0265625 0.06640625
1 0.01015625 0.4443359375 0.0203125 0.146484375
0 0.5953125 0.4658203125 0.05 0.056640625
0 0.56171875 0.4560546875 0.0546875 0.068359375
0 0.48828125 0.458984375 0.0359375 0.04296875
0 0.3921875 0.4599609375 0.025 0.041015625
0 0.29453125 0.470703125 0.0359375 0.07421875
