1 0.45546875 0.513671875 0.0265625 0.109375
1 0.2875 0.4765625 0.025 0.0703125
1 0.31015625 0.462890625 0.0203125 0.05078125
0 0.83203125 0.7568359375 0.3328125 0.373046875
0 0.6671875 0.6201171875 0.225 0.193359375
0 0.578125 0.552734375 0.14375 0.12109375
0 0.5109375 0.50390625 0.08125 0.1171875
0 0.4265625 0.474609375 0.040625 0.05078125
0 0.0484375 0.58984375 0.096875 0.171875
0 0.0953125 0.55078125 0.1125 0.125
0 0.134375 0.5185546875 0.078125 0.091796875
0 0.17421875 0.5029296875 0.0578125 0.072265625
0 0.2265625 0.4931640625 0.0875 0.060546875
0 0.70625 0.4697265625 0.059375 0.056640625
0 0.04296875 0.48046875 0.0859375 0.0546875
0 0.4078125 0.47265625 0.034375 0.0390625
