1 0.5796875 0.4443359375 0.025 0.091796875
1 0.55703125 0.4423828125 0.0265625 0.087890625
1 0.4046875 0.435546875 0.025 0.08203125
0 0.35390625 0.4384765625 0.0734375 0.068359375
0 0.1953125 0.4306640625 0.071875 0.060546875
0 0.6421875 0.4501953125 0.09375 0.099609375
0 0.43125 0.4248046875 0.03125 0.037109375
0 0.0609375 0.4267578125 0.090625 0.087890625
0 0.11875 0.423828125 0.053125 0.06640625
0 0.103125 0.404296875 0.10625 0.08203125
0 0.2640625 0.453125 0.11875 0.10546875
0 0.45078125 0.4267578125 0.0234375 0.037109375
0 0.459375 0.41796875 0.03125 0.0390625
