0 0.71953125 0.4833984375 0.1015625 0.068359375
0 0.5640625 0.4951171875 0.06875 0.083984375
0 0.4390625 0.5068359375 0.221875 0.150390625
0 0.17578125 0.5263671875 0.2484375 0.138671875
2 0.0625 0.619140625 0.121875 0.16796875
1 0.8 0.484375 0.021875 0.08203125
1 0.63671875 0.4794921875 0.0234375 0.095703125
1 0.3109375 0.4794921875 0.03125 0.099609375
1 0.60859375 0.46875 0.0265625 0.0703125
1 0.27578125 0.4619140625 0.0203125 0.052734375
1 0.684375 0.46484375 0.01875 0.04296875
1 0.08828125 0.4521484375 0.0265625 0.060546875
1 0.134375 0.4521484375 0.021875 0.037109375
1 0.20859375 0.4462890625 0.0234375 0.029296875
1 0.375 0.453125 0.01875 0.0390625
