0 0.9765625 0.5048828125 0.040625 0.099609375
0 0.89375 0.5234375 0.096875 0.125
0 0.8734375 0.498046875 0.128125 0.109375
0 0.81171875 0.5078125 0.0484375 0.0859375
1 0.77890625 0.56640625 0.0453125 0.15234375
0 0.56875 0.47265625 0.05625 0.0546875
0 0.31171875 0.5029296875 0.0453125 0.072265625
0 0.259375 0.521484375 0.1 0.09375
0 0.3390625 0.4951171875 0.034375 0.060546875
0 0.3578125 0.486328125 0.025 0.05078125
0 0.37578125 0.48046875 0.0265625 0.0390625
0 0.39140625 0.47265625 0.0296875 0.03515625
0 0.4296875 0.45703125 0.028125 0.03125
