0 0.89921875 0.787109375 0.1984375 0.375
1 0.134375 0.5400390625 0.04375 0.126953125
1 0.15546875 0.484375 0.0234375 0.0859375
1 0.1765625 0.4814453125 0.021875 0.072265625
1 0.20078125 0.4775390625 0.0203125 0.072265625
1 0.37890625 0.5595703125 0.0609375 0.193359375
1 0.5265625 0.5322265625 0.046875 0.181640625
2 0.38125 0.609375 0.0375 0.109375
2 0.134375 0.57421875 0.028125 0.07421875
0 0.29296875 0.4814453125 0.0671875 0.056640625
0 0.428125 0.4560546875 0.028125 0.037109375
0 0.33203125 0.4755859375 0.0234375 0.044921875
0 0.33984375 0.4736328125 0.0203125 0.041015625
0 0.49453125 0.470703125 0.0265625 0.05078125
