1 0.66953125 0.4794921875 0.0203125 0.060546875
1 0.64375 0.4921875 0.01875 0.03515625
1 0.6421875 0.466796875 0.01875 0.0234375
1 0.590625 0.474609375 0.01875 0.0390625
0 0.46875 0.4833984375 0.0375 0.044921875
0 0.3921875 0.4833984375 0.021875 0.029296875
0 0.37734375 0.48046875 0.0203125 0.03125
0 0.35546875 0.4794921875 0.0296875 0.033203125
0 0.30234375 0.4765625 0.0703125 0.07421875
0 0.25859375 0.470703125 0.0234375 0.046875
0 0.2234375 0.48046875 0.06875 0.0625
0 0.13203125 0.5 0.1296875 0.1015625
0 0.034375 0.4912109375 0.065625 0.068359375
