0 0.928125 0.5517578125 0.140625 0.279296875
0 0.71015625 0.4765625 0.1453125 0.15234375
0 0.61875 0.4775390625 0.046875 0.060546875
0 0.58359375 0.474609375 0.0359375 0.05859375
0 0.53125 0.458984375 0.0375 0.03515625
0 0.47578125 0.4580078125 0.0265625 0.029296875
0 0.41796875 0.45703125 0.0234375 0.03125
0 0.40234375 0.4580078125 0.0234375 0.029296875
0 0.38515625 0.4580078125 0.0203125 0.033203125
0 0.3703125 0.45703125 0.025 0.0390625
0 0.353125 0.4619140625 0.021875 0.033203125
0 0.29140625 0.4580078125 0.0671875 0.068359375
