1 0.53828125 0.494140625 0.0359375 0.1328125
1 0.5828125 0.4951171875 0.03125 0.107421875
2 0.58359375 0.53515625 0.0234375 0.0625
2 0.53671875 0.5283203125 0.0203125 0.076171875
0 0.2046875 0.5244140625 0.178125 0.126953125
0 0.31484375 0.4951171875 0.0796875 0.099609375
0 0.38203125 0.484375 0.0546875 0.05078125
0 0.4046875 0.47265625 0.04375 0.05078125
0 0.65546875 0.5009765625 0.0953125 0.115234375
0 0.7109375 0.53125 0.125 0.11328125
2 0.73203125 0.5654296875 0.0953125 0.123046875
0 0.86796875 0.6181640625 0.2546875 0.240234375
0 0.43515625 0.474609375 0.0296875 0.03515625
0 0.44453125 0.46484375 0.0296875 0.0390625
0 0.48203125 0.4677734375 0.0203125 0.025390625
