1 0.6984375 0.4853515625 0.04375 0.162109375
0 0.47109375 0.466796875 0.0484375 0.05078125
0 0.3515625 0.45703125 0.034375 0.03515625
0 0.209375 0.466796875 0.040625 0.0390625
1 0.2390625 0.4658203125 0.028125 0.076171875
1 0.0609375 0.47265625 0.025 0.0859375
1 0.03515625 0.4765625 0.0265625 0.0703125
1 0.56484375 0.4560546875 0.0296875 0.083984375
1 0.540625 0.439453125 0.021875 0.0625
1 0.50546875 0.453125 0.0296875 0.078125
1 0.60390625 0.447265625 0.0203125 0.07421875
1 0.61484375 0.4462890625 0.0234375 0.068359375
2 0.584375 0.484375 0.028125 0.03515625
2 0.54296875 0.4853515625 0.0265625 0.037109375
0 0.42734375 0.45703125 0.0234375 0.02734375
0 0.40703125 0.45703125 0.0234375 0.0234375
