0 0.89609375 0.486328125 0.2046875 0.40625
0 0.75703125 0.5263671875 0.0734375 0.130859375
0 0.7453125 0.4912109375 0.115625 0.166015625
1 0.66171875 0.50390625 0.0203125 0.13671875
0 0.63203125 0.5078125 0.0421875 0.09765625
0 0.58359375 0.4921875 0.0609375 0.07421875
0 0.50625 0.4912109375 0.103125 0.181640625
1 0.4421875 0.46484375 0.05625 0.14453125
2 0.43984375 0.6044921875 0.0328125 0.138671875
1 0.39453125 0.4599609375 0.0203125 0.052734375
2 0.3921875 0.5087890625 0.01875 0.041015625
0 0.35078125 0.478515625 0.0484375 0.06640625
0 0.30234375 0.4873046875 0.0890625 0.107421875
0 0.22421875 0.5126953125 0.1359375 0.130859375
0 0.22265625 0.4365234375 0.0890625 0.029296875
1 0.125 0.521484375 0.0625 0.296875
1 0.0421875 0.4306640625 0.0375 0.107421875
0 0.03359375 0.498046875 0.0671875 0.31640625
0 0.0515625 0.591796875 0.059375 0.09765625
