0 0.5234375 0.4755859375 0.0625 0.060546875
0 0.475 0.466796875 0.03125 0.0390625
0 0.4578125 0.4609375 0.01875 0.03125
0 0.41328125 0.4580078125 0.0203125 0.025390625
0 0.39765625 0.4609375 0.0203125 0.0390625
0 0.37734375 0.4716796875 0.0296875 0.052734375
0 0.328125 0.4765625 0.06875 0.078125
0 0.28828125 0.4697265625 0.0203125 0.033203125
0 0.2515625 0.4833984375 0.071875 0.076171875
1 0.0734375 0.48828125 0.028125 0.08984375
1 0.58671875 0.458984375 0.0203125 0.0234375
2 0.5859375 0.4814453125 0.01875 0.025390625
