2 0.0484375 0.5283203125 0.05625 0.064453125
0 0.103125 0.49609375 0.2 0.109375
0 0.31640625 0.4912109375 0.1015625 0.076171875
0 0.36484375 0.4833984375 0.0421875 0.068359375
0 0.57734375 0.470703125 0.0484375 0.05078125
0 0.62109375 0.48828125 0.0453125 0.078125
0 0.628125 0.50390625 0.04375 0.08203125
0 0.64375 0.517578125 0.05 0.08984375
0 0.71328125 0.5283203125 0.1484375 0.169921875
0 0.9015625 0.705078125 0.1875 0.43359375
0 0.16953125 0.46875 0.0765625 0.046875
0 0.3921875 0.458984375 0.03125 0.03515625
0 0.42890625 0.4677734375 0.0421875 0.041015625
0 0.4515625 0.466796875 0.025 0.03515625
1 0.54921875 0.4658203125 0.0109375 0.037109375
1 0.5390625 0.4658203125 0.0125 0.041015625
1 0.4796875 0.462890625 0.015625 0.0390625
