1 0.9609375 0.4443359375 0.046875 0.087890625
1 0.15078125 0.4541015625 0.0234375 0.076171875
1 0.16796875 0.45703125 0.0203125 0.07421875
2 0.06484375 0.57421875 0.0640625 0.09375
0 0.9328125 0.541015625 0.13125 0.1640625
0 0.65625 0.505859375 0.1625 0.13671875
0 0.57265625 0.48828125 0.0703125 0.09765625
0 0.4453125 0.47265625 0.065625 0.06640625
2 0.11484375 0.498046875 0.0359375 0.06640625
2 0.753125 0.501953125 0.025 0.04296875
1 0.55625 0.4443359375 0.0125 0.029296875
0 0.41015625 0.455078125 0.0171875 0.02734375
1 0.29140625 0.4453125 0.0171875 0.02734375
2 0.22421875 0.4853515625 0.0296875 0.041015625
1 0.09453125 0.4306640625 0.0140625 0.041015625
1 0.07109375 0.4677734375 0.0515625 0.119140625
