0 0.9328125 0.548828125 0.128125 0.234375
0 0.8953125 0.5107421875 0.140625 0.162109375
0 0.81796875 0.5205078125 0.1578125 0.154296875
0 0.73515625 0.517578125 0.1203125 0.12890625
0 0.71875 0.4912109375 0.190625 0.146484375
0 0.603125 0.4970703125 0.0625 0.072265625
0 0.58984375 0.4951171875 0.0734375 0.091796875
0 0.48515625 0.48828125 0.0703125 0.0703125
0 0.39453125 0.4892578125 0.0734375 0.072265625
0 0.28359375 0.4814453125 0.0984375 0.083984375
0 0.165625 0.5 0.103125 0.1015625
0 0.15078125 0.51171875 0.0421875 0.09765625
0 0.06953125 0.5458984375 0.1390625 0.181640625
