2 0.546875 0.662109375 0.328125 0.1640625
0 0.3078125 0.4794921875 0.040625 0.044921875
0 0.35625 0.482421875 0.04375 0.04296875
0 0.42109375 0.478515625 0.0328125 0.03515625
0 0.0640625 0.484375 0.128125 0.0546875
1 0.5375 0.46484375 0.1625 0.21875
0 0.390625 0.46484375 0.015625 0.01953125
0 0.4125 0.4560546875 0.01875 0.021484375
0 0.4390625 0.4658203125 0.015625 0.021484375
1 0.25078125 0.474609375 0.0203125 0.02734375
2 0.24921875 0.501953125 0.0328125 0.0234375
1 0.153125 0.478515625 0.015625 0.05859375
