0 0.26328125 0.533203125 0.0453125 0.0859375
1 0.19375 0.623046875 0.1 0.2578125
2 0.1796875 0.7177734375 0.0625 0.146484375
1 0.7921875 0.6318359375 0.09375 0.322265625
0 0.90703125 0.7216796875 0.1828125 0.302734375
0 0.865625 0.5439453125 0.146875 0.130859375
0 0.7359375 0.5556640625 0.0875 0.162109375
0 0.65859375 0.5068359375 0.0984375 0.095703125
0 0.340625 0.5107421875 0.09375 0.087890625
0 0.41328125 0.4765625 0.0484375 0.05859375
0 0.4828125 0.46484375 0.059375 0.04296875
0 0.878125 0.4580078125 0.065625 0.033203125
0 0.6078125 0.482421875 0.03125 0.04296875
0 0.51953125 0.4453125 0.0234375 0.02734375
0 0.5859375 0.4541015625 0.025 0.025390625
0 0.378125 0.494140625 0.053125 0.0625
0 0.446875 0.46484375 0.034375 0.0546875
0 0.44140625 0.4716796875 0.0265625 0.052734375
0 0.93203125 0.5224609375 0.1328125 0.091796875
1 0.53671875 0.455078125 0.0140625 0.03125
0 0.125 0.56640625 0.103125 0.14453125
0 0.2328125 0.55859375 0.075 0.109375
0 0.12578125 0.5234375 0.1171875 0.08984375
