0 0.0765625 0.48046875 0.153125 0.125
0 0.1671875 0.46875 0.075 0.08984375
0 0.2359375 0.4609375 0.078125 0.06640625
0 0.5296875 0.4697265625 0.06875 0.076171875
0 0.5859375 0.5107421875 0.13125 0.130859375
0 0.9484375 0.564453125 0.096875 0.1484375
0 0.45703125 0.4580078125 0.0265625 0.025390625
0 0.28671875 0.4599609375 0.0421875 0.064453125
0 0.3296875 0.455078125 0.046875 0.046875
0 0.37109375 0.455078125 0.0359375 0.0390625
0 0.3921875 0.4560546875 0.01875 0.029296875
0 0.50859375 0.458984375 0.0421875 0.0625
1 0.4796875 0.458984375 0.0125 0.0390625
1 0.43671875 0.455078125 0.0109375 0.0390625
1 0.425 0.4560546875 0.015625 0.041015625
1 0.41484375 0.453125 0.0171875 0.04296875
