1 0.65625 0.4541015625 0.0375 0.123046875
0 0.59375 0.45703125 0.096875 0.12890625
0 0.53671875 0.4541015625 0.0296875 0.072265625
0 0.5046875 0.4619140625 0.05625 0.060546875
0 0.4640625 0.458984375 0.053125 0.05859375
0 0.428125 0.45703125 0.053125 0.05859375
0 0.35546875 0.4521484375 0.0703125 0.072265625
0 0.28125 0.4560546875 0.046875 0.041015625
0 0.2375 0.4638671875 0.04375 0.037109375
0 0.1328125 0.478515625 0.0375 0.07421875
0 0.075 0.4892578125 0.10625 0.103515625
0 0.16171875 0.474609375 0.0203125 0.05859375
