0 0.6140625 0.482421875 0.034375 0.06640625
1 0.5859375 0.46484375 0.025 0.05078125
1 0.2921875 0.4619140625 0.021875 0.072265625
1 0.315625 0.4580078125 0.021875 0.068359375
0 0.6546875 0.49609375 0.090625 0.09765625
1 0.68515625 0.4541015625 0.0203125 0.033203125
1 0.55 0.4580078125 0.01875 0.033203125
1 0.5390625 0.45703125 0.0125 0.03515625
1 0.5328125 0.45703125 0.0125 0.03515625
1 0.478125 0.4599609375 0.015625 0.037109375
1 0.334375 0.4580078125 0.01875 0.052734375
1 0.34375 0.45703125 0.01875 0.0546875
1 0.403125 0.4521484375 0.015625 0.029296875
2 0.0171875 0.50390625 0.034375 0.0390625
2 0.075 0.4931640625 0.03125 0.041015625
