1 0.7171875 0.51171875 0.025 0.08203125
0 0.58515625 0.4912109375 0.0359375 0.033203125
0 0.05859375 0.583984375 0.1171875 0.19140625
0 0.1546875 0.5390625 0.203125 0.1796875
0 0.63984375 0.5029296875 0.0484375 0.052734375
0 0.38828125 0.5146484375 0.0609375 0.060546875
0 0.42734375 0.5068359375 0.0546875 0.044921875
0 0.32890625 0.5224609375 0.1109375 0.076171875
0 0.49140625 0.4873046875 0.0359375 0.041015625
1 0.55078125 0.48828125 0.0203125 0.04296875
0 0.45546875 0.4990234375 0.0265625 0.044921875
0 0.4765625 0.49609375 0.025 0.03515625
0 0.975 0.8564453125 0.046875 0.279296875
