1 0.64140625 0.46484375 0.0328125 0.1171875
1 0.66796875 0.4697265625 0.0359375 0.107421875
1 0.7078125 0.4609375 0.040625 0.1171875
1 0.97421875 0.4951171875 0.0421875 0.306640625
1 0.8953125 0.5498046875 0.10625 0.294921875
0 0.8078125 0.462890625 0.053125 0.078125
0 0.440625 0.5283203125 0.31875 0.162109375
1 0.1265625 0.4873046875 0.021875 0.033203125
1 0.603125 0.453125 0.01875 0.046875
0 0.73125 0.4580078125 0.028125 0.060546875
1 0.621875 0.4560546875 0.01875 0.060546875
0 0.93671875 0.4140625 0.0765625 0.06640625
