1 0.45078125 0.4658203125 0.0203125 0.056640625
1 0.46484375 0.4697265625 0.0203125 0.044921875
1 0.565625 0.474609375 0.021875 0.05859375
1 0.59296875 0.4853515625 0.0234375 0.072265625
0 0.88203125 0.6103515625 0.2328125 0.462890625
0 0.75390625 0.57421875 0.1171875 0.1796875
0 0.68125 0.515625 0.103125 0.11328125
0 0.62890625 0.501953125 0.0453125 0.08203125
0 0.4 0.484375 0.059375 0.05078125
0 0.084375 0.5361328125 0.15625 0.224609375
0 0.53515625 0.458984375 0.0234375 0.03125
0 0.3203125 0.490234375 0.109375 0.09375
1 0.48671875 0.46484375 0.0140625 0.03515625
