0 0.28359375 0.517578125 0.2046875 0.1484375
2 0.20546875 0.478515625 0.0296875 0.015625
0 0.40234375 0.4775390625 0.0921875 0.111328125
0 0.471875 0.4560546875 0.05625 0.076171875
1 0.66484375 0.455078125 0.0171875 0.046875
1 0.70703125 0.43359375 0.0140625 0.015625
1 0.70859375 0.46484375 0.0171875 0.05078125
1 0.79453125 0.439453125 0.0203125 0.04296875
1 0.59765625 0.4560546875 0.0140625 0.041015625
1 0.58359375 0.4541015625 0.0140625 0.041015625
1 0.215625 0.4443359375 0.034375 0.044921875
0 0.32734375 0.4404296875 0.0578125 0.017578125
1 0.1421875 0.431640625 0.021875 0.0390625
