0 0.08828125 0.4931640625 0.0671875 0.107421875
0 0.015625 0.486328125 0.03125 0.10546875
0 0.01640625 0.490234375 0.0265625 0.1015625
0 0.24921875 0.4716796875 0.1234375 0.052734375
0 0.1578125 0.4677734375 0.040625 0.056640625
0 0.43359375 0.4482421875 0.0265625 0.029296875
0 0.50703125 0.4384765625 0.0234375 0.029296875
0 0.61328125 0.498046875 0.0609375 0.0859375
0 0.6640625 0.51171875 0.096875 0.109375
0 0.71640625 0.5595703125 0.1453125 0.146484375
1 0.45078125 0.4501953125 0.0140625 0.037109375
0 0.58046875 0.4609375 0.0265625 0.046875
0 0.30390625 0.458984375 0.0484375 0.046875
0 0.178125 0.4541015625 0.05625 0.033203125
0 0.39140625 0.453125 0.0265625 0.04296875
