0 0.42578125 0.5087890625 0.1015625 0.095703125
0 0.53359375 0.4970703125 0.1171875 0.072265625
0 0.6703125 0.482421875 0.134375 0.08984375
0 0.75078125 0.478515625 0.0515625 0.05859375
0 0.8890625 0.4736328125 0.08125 0.056640625
1 0.10859375 0.509765625 0.0578125 0.125
1 0.3171875 0.5029296875 0.046875 0.154296875
1 0.35859375 0.4990234375 0.0515625 0.134765625
2 0.36484375 0.5419921875 0.0546875 0.072265625
1 0.940625 0.5146484375 0.05625 0.162109375
1 0.815625 0.4755859375 0.025 0.060546875
1 0.78671875 0.4658203125 0.0234375 0.064453125
1 0.57578125 0.462890625 0.0234375 0.04296875
1 0.55859375 0.4521484375 0.0203125 0.025390625
1 0.54140625 0.453125 0.0171875 0.01953125
1 0.5296875 0.453125 0.01875 0.0234375
1 0.44921875 0.4599609375 0.0234375 0.037109375
2 0.284375 0.52734375 0.028125 0.0546875
