0 0.9390625 0.5634765625 0.1125 0.251953125
0 0.8953125 0.509765625 0.203125 0.2265625
1 0.784375 0.53125 0.078125 0.3203125
1 0.71015625 0.53125 0.0921875 0.32421875
1 0.43828125 0.4765625 0.0234375 0.0859375
1 0.40625 0.4765625 0.025 0.08984375
1 0.36796875 0.4736328125 0.0328125 0.087890625
0 0.6375 0.5 0.071875 0.11328125
0 0.6171875 0.484375 0.125 0.12109375
0 0.5234375 0.484375 0.084375 0.08203125
0 0.1265625 0.423828125 0.046875 0.0546875
0 0.1140625 0.49609375 0.121875 0.11328125
0 0.05078125 0.4990234375 0.1015625 0.138671875
0 0.03125 0.5458984375 0.05625 0.166015625
1 0.33515625 0.4716796875 0.0234375 0.056640625
0 0.259375 0.4638671875 0.05 0.041015625
0 0.16484375 0.484375 0.0609375 0.05078125
0 0.50390625 0.470703125 0.0921875 0.08203125
