0 0.0640625 0.638671875 0.121875 0.22265625
0 0.140625 0.568359375 0.1625 0.18359375
0 0.27890625 0.517578125 0.1078125 0.08984375
0 0.58828125 0.478515625 0.0515625 0.05078125
0 0.60078125 0.4931640625 0.0453125 0.060546875
0 0.640625 0.5087890625 0.0875 0.087890625
0 0.7515625 0.5927734375 0.171875 0.166015625
0 0.87421875 0.6806640625 0.2484375 0.255859375
0 0.9609375 0.80859375 0.0625 0.28515625
0 0.346875 0.458984375 0.034375 0.0390625
0 0.4 0.466796875 0.034375 0.046875
0 0.38125 0.4765625 0.04375 0.046875
0 0.08125 0.4814453125 0.075 0.052734375
1 0.42578125 0.4482421875 0.0140625 0.037109375
1 0.45234375 0.4482421875 0.0140625 0.041015625
0 0.503125 0.4365234375 0.021875 0.025390625
0 0.54296875 0.451171875 0.0296875 0.03125
