0 0.415625 0.5185546875 0.1375 0.126953125
0 0.9703125 0.7255859375 0.053125 0.306640625
1 0.92578125 0.4892578125 0.0234375 0.068359375
1 0.90546875 0.4873046875 0.0265625 0.064453125
1 0.88671875 0.4833984375 0.0234375 0.072265625
0 0.5328125 0.474609375 0.046875 0.0546875
0 0.23828125 0.4541015625 0.0421875 0.025390625
1 0.58671875 0.4638671875 0.0140625 0.044921875
0 0.9609375 0.48046875 0.059375 0.0546875
0 0.65625 0.4609375 0.046875 0.03515625
0 0.69296875 0.462890625 0.0296875 0.02734375
0 0.20078125 0.455078125 0.0265625 0.02734375
