2 0.65859375 0.5546875 0.0328125 0.0859375
2 0.61015625 0.5380859375 0.0265625 0.072265625
1 0.6625 0.505859375 0.05 0.15234375
1 0.60703125 0.4970703125 0.0546875 0.158203125
0 0.940625 0.6787109375 0.1125 0.255859375
0 0.85859375 0.552734375 0.2765625 0.25
0 0.7015625 0.5126953125 0.0625 0.099609375
0 0.57890625 0.462890625 0.0234375 0.02734375
0 0.49609375 0.4619140625 0.0234375 0.025390625
0 0.44921875 0.4638671875 0.0453125 0.052734375
0 0.43359375 0.478515625 0.0421875 0.05078125
0 0.38359375 0.4755859375 0.0671875 0.076171875
0 0.33828125 0.49609375 0.0984375 0.0859375
0 0.12109375 0.525390625 0.2421875 0.203125
