1 0.51875 0.4541015625 0.0375 0.072265625
1 0.6046875 0.439453125 0.034375 0.04296875
0 0.959375 0.548828125 0.078125 0.19921875
0 0.89453125 0.4951171875 0.2078125 0.228515625
0 0.7578125 0.5048828125 0.109375 0.138671875
0 0.7125 0.4990234375 0.115625 0.123046875
0 0.4671875 0.4462890625 0.090625 0.119140625
0 0.35390625 0.4609375 0.0671875 0.05859375
0 0.10078125 0.4189453125 0.1171875 0.091796875
0 0.1234375 0.4755859375 0.084375 0.072265625
0 0.1015625 0.4892578125 0.109375 0.095703125
0 0.059375 0.494140625 0.11875 0.16015625
0 0.41171875 0.4697265625 0.0546875 0.056640625
0 0.3046875 0.4658203125 0.040625 0.037109375
0 0.36796875 0.4697265625 0.0421875 0.041015625
