0 0.840625 0.6259765625 0.315625 0.431640625
0 0.565625 0.4921875 0.121875 0.11328125
0 0.4875 0.4755859375 0.040625 0.072265625
0 0.4625 0.4619140625 0.015625 0.041015625
0 0.4421875 0.466796875 0.01875 0.0234375
0 0.38828125 0.466796875 0.0234375 0.0234375
0 0.33046875 0.48046875 0.0953125 0.08203125
0 0.27109375 0.4736328125 0.0296875 0.083984375
0 0.2375 0.4873046875 0.040625 0.068359375
0 0.2 0.4921875 0.0375 0.08984375
0 0.14609375 0.4853515625 0.0796875 0.154296875
0 0.053125 0.5205078125 0.10625 0.162109375
0 0.0828125 0.4267578125 0.046875 0.033203125
