0 0.93671875 0.7314453125 0.1234375 0.166015625
0 0.025 0.763671875 0.05 0.3203125
0 0.09140625 0.6298828125 0.1796875 0.349609375
0 0.24609375 0.486328125 0.0546875 0.05859375
0 0.2734375 0.46875 0.040625 0.046875
0 0.4921875 0.4970703125 0.05625 0.056640625
0 0.4734375 0.48046875 0.05 0.0625
0 0.95703125 0.5244140625 0.0765625 0.095703125
1 0.7671875 0.525390625 0.040625 0.08203125
1 0.71796875 0.51171875 0.0296875 0.09765625
3 0.69921875 0.541015625 0.0296875 0.03125
0 0.1640625 0.4599609375 0.028125 0.056640625
0 0.1875 0.4580078125 0.028125 0.044921875
0 0.43984375 0.4794921875 0.0234375 0.033203125
0 0.434375 0.47265625 0.0375 0.03515625
0 0.41484375 0.4677734375 0.0296875 0.029296875
1 0.33671875 0.458984375 0.0234375 0.05078125
