0 0.8921875 0.6357421875 0.209375 0.396484375
0 0.778125 0.5712890625 0.190625 0.181640625
0 0.71796875 0.517578125 0.1453125 0.1640625
0 0.640625 0.4990234375 0.06875 0.076171875
0 0.53359375 0.451171875 0.0265625 0.03125
0 0.32109375 0.4892578125 0.1015625 0.091796875
1 0.57734375 0.47265625 0.0234375 0.07421875
1 0.4375 0.4638671875 0.021875 0.060546875
1 0.42578125 0.462890625 0.0203125 0.0625
0 0.23203125 0.4677734375 0.0484375 0.056640625
0 0.10703125 0.529296875 0.2046875 0.20703125
1 0.4140625 0.466796875 0.01875 0.05859375
1 0.48515625 0.458984375 0.0171875 0.04296875
2 0.48515625 0.470703125 0.0140625 0.02734375
0 0.61796875 0.4736328125 0.0734375 0.056640625
1 0.7921875 0.4560546875 0.025 0.048828125
