0 0.0640625 0.49609375 0.128125 0.10546875
0 0.21796875 0.4775390625 0.0734375 0.068359375
0 0.26640625 0.474609375 0.0296875 0.05078125
0 0.2859375 0.4765625 0.01875 0.046875
0 0.315625 0.46875 0.025 0.0390625
1 0.33828125 0.4697265625 0.0234375 0.052734375
1 0.490625 0.455078125 0.01875 0.046875
1 0.46015625 0.4560546875 0.0140625 0.037109375
2 0.75859375 0.5322265625 0.0734375 0.154296875
2 0.828125 0.5224609375 0.078125 0.142578125
2 0.89375 0.5322265625 0.08125 0.154296875
1 0.3 0.466796875 0.0125 0.046875
