1 0.67421875 0.525390625 0.0453125 0.078125
1 0.0359375 0.521484375 0.028125 0.09765625
1 0.009375 0.51171875 0.01875 0.1171875
0 0.4359375 0.4853515625 0.040625 0.037109375
0 0.4796875 0.5234375 0.0625 0.0703125
0 0.409375 0.5537109375 0.1125 0.103515625
0 0.46484375 0.4775390625 0.0203125 0.033203125
0 0.61328125 0.47265625 0.0234375 0.0234375
1 0.54140625 0.4736328125 0.0140625 0.029296875
2 0.66640625 0.55859375 0.0234375 0.046875
1 0.36015625 0.47265625 0.0203125 0.03125
1 0.32734375 0.4736328125 0.0203125 0.025390625
