1 0.06640625 0.494140625 0.0203125 0.0546875
1 0.0890625 0.498046875 0.028125 0.06640625
1 0.734375 0.5654296875 0.05625 0.177734375
1 0.8125 0.4970703125 0.025 0.072265625
1 0.84609375 0.4970703125 0.0328125 0.056640625
1 0.91953125 0.5009765625 0.0234375 0.060546875
1 0.2578125 0.5029296875 0.01875 0.064453125
0 0.39140625 0.501953125 0.0546875 0.046875
0 0.54375 0.654296875 0.33125 0.33984375
1 0.665625 0.4912109375 0.015625 0.037109375
1 0.634375 0.486328125 0.0125 0.02734375
1 0.3265625 0.4833984375 0.01875 0.025390625
1 0.4921875 0.4921875 0.109375 0.0625
1 0.2640625 0.501953125 0.01875 0.06640625
1 0.94453125 0.4990234375 0.0234375 0.041015625
2 0.73359375 0.6220703125 0.0328125 0.111328125
