1 0.384375 0.4814453125 0.0375 0.091796875
1 0.165625 0.443359375 0.03125 0.07421875
1 0.1265625 0.4384765625 0.028125 0.076171875
1 0.77578125 0.4345703125 0.0203125 0.068359375
0 0.52578125 0.52734375 0.1515625 0.16015625
0 0.5375 0.4287109375 0.03125 0.033203125
0 0.79296875 0.5888671875 0.2296875 0.208984375
0 0.9046875 0.7431640625 0.1875 0.419921875
1 0.33203125 0.4267578125 0.0203125 0.044921875
1 0.5734375 0.4189453125 0.01875 0.041015625
0 0.4921875 0.4150390625 0.025 0.025390625
1 0.009375 0.5048828125 0.01875 0.130859375
