1 0.69375 0.439453125 0.046875 0.1328125
1 0.6578125 0.4365234375 0.0375 0.130859375
1 0.334375 0.404296875 0.03125 0.109375
0 0.8796875 0.5078125 0.234375 0.1953125
0 0.365625 0.408203125 0.03125 0.0625
0 0.07734375 0.3916015625 0.0765625 0.095703125
0 0.1703125 0.3974609375 0.078125 0.072265625
0 0.034375 0.390625 0.059375 0.1015625
0 0.2375 0.4208984375 0.146875 0.115234375
0 0.38203125 0.404296875 0.0265625 0.05859375
0 0.4 0.404296875 0.034375 0.05859375
0 0.43046875 0.40234375 0.0265625 0.05078125
0 0.45 0.400390625 0.01875 0.0390625
0 0.4609375 0.39453125 0.028125 0.0390625
0 0.63515625 0.4228515625 0.0453125 0.107421875
0 0.61015625 0.4140625 0.0296875 0.078125
0 0.5953125 0.41796875 0.025 0.05078125
0 0.5921875 0.4033203125 0.034375 0.056640625
