0 0.884375 0.556640625 0.228125 0.2265625
0 0.5515625 0.46875 0.053125 0.05859375
0 0.52109375 0.46484375 0.0265625 0.046875
0 0.465625 0.466796875 0.025 0.02734375
0 0.39609375 0.4609375 0.0234375 0.02734375
0 0.3859375 0.4638671875 0.025 0.029296875
0 0.3734375 0.4677734375 0.01875 0.029296875
0 0.35546875 0.4658203125 0.0234375 0.033203125
0 0.3375 0.474609375 0.03125 0.03515625
0 0.29375 0.4677734375 0.059375 0.064453125
0 0.25703125 0.4814453125 0.0609375 0.052734375
0 0.0421875 0.4873046875 0.084375 0.169921875
