0 0.13046875 0.4814453125 0.1046875 0.099609375
0 0.4765625 0.51171875 0.1375 0.1328125
0 0.553125 0.4775390625 0.0625 0.083984375
1 0.73515625 0.4580078125 0.0453125 0.072265625
0 0.69375 0.4794921875 0.05625 0.033203125
0 0.615625 0.4755859375 0.0375 0.041015625
0 0.05703125 0.4921875 0.0453125 0.0625
0 0.203125 0.4794921875 0.075 0.083984375
1 0.9265625 0.4677734375 0.01875 0.044921875
1 0.8765625 0.4658203125 0.01875 0.044921875
1 0.853125 0.466796875 0.01875 0.0390625
0 0.6578125 0.4775390625 0.0375 0.044921875
