2 0.171875 0.546875 0.05 0.09375
2 0.7765625 0.5458984375 0.06875 0.103515625
2 0.82265625 0.525390625 0.0546875 0.13671875
2 0.8796875 0.505859375 0.03125 0.08203125
1 0.0125 0.4541015625 0.025 0.099609375
2 0.01796875 0.52734375 0.0359375 0.04296875
2 0.56328125 0.470703125 0.0328125 0.06640625
0 0.39609375 0.4521484375 0.1140625 0.052734375
1 0.453125 0.4541015625 0.01875 0.056640625
2 0.946875 0.51953125 0.103125 0.09765625
2 0.6234375 0.4833984375 0.03125 0.048828125
2 0.68359375 0.4677734375 0.0234375 0.029296875
1 0.65703125 0.4384765625 0.0109375 0.025390625
1 0.64296875 0.435546875 0.0078125 0.01953125
1 0.228125 0.4404296875 0.009375 0.025390625
2 0.93125 0.5947265625 0.05 0.080078125
1 0.17578125 0.4296875 0.0578125 0.13671875
2 0.2484375 0.474609375 0.0125 0.03515625
2 0.228125 0.4736328125 0.0125 0.037109375
2 0.2171875 0.47265625 0.015625 0.03515625
