1 0.82734375 0.46484375 0.0296875 0.09765625
0 0.73671875 0.46484375 0.0546875 0.0546875
1 0.79140625 0.447265625 0.0203125 0.07421875
0 0.459375 0.4658203125 0.053125 0.056640625
0 0.07734375 0.4912109375 0.1171875 0.083984375
0 0.309375 0.4658203125 0.040625 0.044921875
0 0.27265625 0.4736328125 0.0359375 0.041015625
0 0.22421875 0.4765625 0.0578125 0.046875
0 0.5484375 0.470703125 0.046875 0.05078125
0 0.51796875 0.470703125 0.0234375 0.03515625
0 0.89453125 0.4482421875 0.0203125 0.064453125
