0 0.81171875 0.455078125 0.0609375 0.08203125
0 0.9046875 0.4462890625 0.1 0.134765625
1 0.95546875 0.56640625 0.0859375 0.36328125
1 0.6546875 0.4599609375 0.028125 0.072265625
1 0.63125 0.4619140625 0.0375 0.095703125
1 0.60078125 0.470703125 0.0328125 0.078125
1 0.07421875 0.4658203125 0.0234375 0.033203125
1 0.090625 0.46875 0.025 0.03125
1 0.128125 0.4873046875 0.021875 0.033203125
0 0.72734375 0.458984375 0.0359375 0.0546875
0 0.4546875 0.4609375 0.040625 0.0234375
1 0.4125 0.4599609375 0.009375 0.029296875
1 0.40859375 0.4599609375 0.0109375 0.025390625
