0 0.98515625 0.455078125 0.0234375 0.0546875
1 0.95625 0.4970703125 0.03125 0.138671875
0 0.92578125 0.455078125 0.0265625 0.06640625
1 0.8984375 0.509765625 0.028125 0.140625
1 0.8828125 0.4853515625 0.01875 0.123046875
1 0.8640625 0.4814453125 0.028125 0.134765625
0 0.83828125 0.453125 0.0296875 0.05859375
0 0.8109375 0.443359375 0.021875 0.06640625
1 0.79765625 0.4794921875 0.0203125 0.099609375
1 0.78046875 0.4443359375 0.0203125 0.056640625
1 0.76171875 0.4833984375 0.0296875 0.107421875
1 0.74921875 0.4296875 0.0203125 0.046875
1 0.72890625 0.47265625 0.0234375 0.08203125
1 0.69453125 0.4736328125 0.0234375 0.087890625
0 0.20546875 0.4892578125 0.1109375 0.099609375
