0 0.0859375 0.5478515625 0.11875 0.119140625
0 0.05625 0.7197265625 0.1125 0.431640625
0 0.20546875 0.587890625 0.2515625 0.2578125
0 0.91484375 0.818359375 0.1609375 0.3515625
0 0.8109375 0.6376953125 0.271875 0.220703125
0 0.671875 0.55859375 0.146875 0.140625
0 0.40390625 0.4697265625 0.0296875 0.041015625
0 0.32734375 0.498046875 0.0421875 0.05859375
0 0.34609375 0.486328125 0.0296875 0.05078125
1 0.4359375 0.4560546875 0.01875 0.056640625
1 0.3734375 0.4794921875 0.021875 0.072265625
1 0.5078125 0.4638671875 0.01875 0.052734375
0 0.63515625 0.5185546875 0.1046875 0.095703125
0 0.61875 0.48828125 0.09375 0.09375
0 0.565625 0.462890625 0.046875 0.0625
0 0.45234375 0.4501953125 0.0203125 0.025390625
0 0.7421875 0.4453125 0.0875 0.03515625
0 0.68984375 0.4482421875 0.0421875 0.033203125
