0 0.74453125 0.560546875 0.4703125 0.234375
0 0.92578125 0.43359375 0.1421875 0.109375
0 0.953125 0.4873046875 0.0875 0.099609375
1 0.6703125 0.4375 0.034375 0.05859375
1 0.63671875 0.453125 0.0296875 0.05859375
1 0.15625 0.4921875 0.025 0.0703125
1 0.13828125 0.4931640625 0.0203125 0.068359375
0 0.80390625 0.41796875 0.0609375 0.03515625
0 0.8109375 0.4501953125 0.0625 0.041015625
0 0.884375 0.4111328125 0.071875 0.037109375
1 0.5515625 0.458984375 0.01875 0.05078125
1 0.58125 0.4638671875 0.021875 0.068359375
1 0.60234375 0.4619140625 0.0203125 0.064453125
0 0.45625 0.4609375 0.034375 0.02734375
1 0.128125 0.4873046875 0.021875 0.037109375
1 0.11328125 0.4970703125 0.0203125 0.044921875
