0 0.92890625 0.490234375 0.0765625 0.05859375
1 0.84296875 0.46484375 0.0171875 0.03515625
0 0.85234375 0.5048828125 0.0546875 0.037109375
1 0.81796875 0.48046875 0.0109375 0.046875
1 0.80390625 0.4833984375 0.0109375 0.048828125
1 0.79296875 0.482421875 0.0109375 0.04296875
1 0.76015625 0.48046875 0.0109375 0.03515625
1 0.75078125 0.48046875 0.0078125 0.03125
0 0.65078125 0.4873046875 0.0546875 0.060546875
0 0.6 0.4892578125 0.015625 0.025390625
0 0.5625 0.4921875 0.034375 0.02734375
0 0.43984375 0.4970703125 0.0546875 0.044921875
0 0.2390625 0.5009765625 0.034375 0.052734375
0 0.3234375 0.5126953125 0.13125 0.103515625
0 0.1734375 0.498046875 0.090625 0.0703125
0 0.096875 0.4951171875 0.040625 0.068359375
