0 0.91953125 0.6240234375 0.1578125 0.228515625
0 0.61796875 0.47265625 0.0359375 0.0390625
0 0.59765625 0.46484375 0.0265625 0.0390625
0 0.53671875 0.45703125 0.0359375 0.04296875
1 0.92734375 0.4892578125 0.0265625 0.064453125
1 0.875 0.4814453125 0.021875 0.095703125
1 0.43203125 0.4560546875 0.0265625 0.044921875
1 0.38046875 0.4560546875 0.0234375 0.060546875
1 0.11953125 0.43359375 0.0234375 0.0546875
1 0.1421875 0.431640625 0.03125 0.04296875
1 0.27265625 0.451171875 0.0203125 0.05078125
1 0.303125 0.4501953125 0.01875 0.041015625
1 0.31953125 0.4453125 0.0234375 0.0234375
1 0.46015625 0.4521484375 0.0140625 0.029296875
1 0.7078125 0.46484375 0.01875 0.046875
0 0.5796875 0.4541015625 0.01875 0.025390625
