1 0.9859375 0.44921875 0.025 0.16015625
1 0.95703125 0.4521484375 0.0234375 0.162109375
1 0.93125 0.4365234375 0.025 0.146484375
1 0.8796875 0.4248046875 0.03125 0.146484375
1 0.8546875 0.41796875 0.025 0.109375
1 0.81328125 0.4228515625 0.0234375 0.115234375
1 0.784375 0.4169921875 0.021875 0.095703125
1 0.76171875 0.458984375 0.0296875 0.12109375
1 0.740625 0.380859375 0.021875 0.0390625
1 0.73828125 0.431640625 0.0234375 0.05859375
1 0.6984375 0.40625 0.021875 0.1015625
1 0.66171875 0.3798828125 0.0203125 0.052734375
1 0.64296875 0.3759765625 0.0171875 0.048828125
1 0.61875 0.3916015625 0.021875 0.060546875
1 0.6 0.3896484375 0.01875 0.056640625
1 0.58125 0.380859375 0.01875 0.03515625
0 0.5484375 0.4404296875 0.0875 0.099609375
0 0.525 0.404296875 0.065625 0.06640625
0 0.49375 0.392578125 0.034375 0.05078125
0 0.44609375 0.3681640625 0.0453125 0.025390625
0 0.4328125 0.4150390625 0.059375 0.064453125
0 0.4046875 0.3837890625 0.028125 0.037109375
0 0.38828125 0.396484375 0.0234375 0.04296875
0 0.3578125 0.40625 0.040625 0.0703125
0 0.29375 0.4228515625 0.103125 0.103515625
1 0.2125 0.42578125 0.028125 0.08984375
0 0.18671875 0.4365234375 0.0265625 0.087890625
1 0.075 0.419921875 0.025 0.08984375
1 0.0390625 0.416015625 0.01875 0.078125
0 0.03203125 0.5078125 0.0640625 0.12109375
