2 0.63828125 0.546875 0.0296875 0.07421875
1 0.89375 0.5029296875 0.040625 0.119140625
1 0.63984375 0.51171875 0.0515625 0.109375
0 0.6015625 0.4814453125 0.053125 0.052734375
0 0.04921875 0.4892578125 0.0453125 0.056640625
2 0.76796875 0.537109375 0.0203125 0.078125
0 0.009375 0.4912109375 0.01875 0.060546875
2 0.8359375 0.6171875 0.059375 0.1484375
2 0.91171875 0.615234375 0.0578125 0.14453125
2 0.8546875 0.4951171875 0.03125 0.037109375
0 0.85859375 0.44921875 0.0421875 0.0625
2 0.79375 0.572265625 0.01875 0.05859375
