0 0.3375 0.51171875 0.1125 0.11328125
0 0.153125 0.5380859375 0.30625 0.216796875
0 0.559375 0.48828125 0.115625 0.078125
1 0.65625 0.494140625 0.025 0.09375
1 0.45859375 0.48828125 0.0359375 0.109375
1 0.4140625 0.478515625 0.01875 0.08203125
1 0.43125 0.4794921875 0.01875 0.091796875
0 0.8953125 0.4853515625 0.040625 0.033203125
0 0.9359375 0.4775390625 0.053125 0.056640625
1 0.51796875 0.4697265625 0.0234375 0.052734375
1 0.0140625 0.453125 0.021875 0.05078125
1 0.03828125 0.4580078125 0.0328125 0.052734375
1 0.48203125 0.482421875 0.0234375 0.07421875
