0 0.95625 0.548828125 0.084375 0.12890625
0 0.0953125 0.400390625 0.065625 0.06640625
0 0.17890625 0.41796875 0.0703125 0.06640625
0 0.3234375 0.4248046875 0.040625 0.060546875
0 0.40078125 0.4189453125 0.0328125 0.052734375
0 0.42578125 0.412109375 0.0328125 0.0390625
1 0.6671875 0.447265625 0.034375 0.12890625
1 0.63671875 0.4462890625 0.0328125 0.119140625
1 0.35234375 0.4208984375 0.0296875 0.099609375
0 0.60625 0.427734375 0.0375 0.07421875
0 0.590625 0.4267578125 0.028125 0.052734375
0 0.37109375 0.4287109375 0.0328125 0.068359375
0 0.24375 0.4384765625 0.134375 0.115234375
0 0.04609375 0.408203125 0.0796875 0.08984375
0 0.4484375 0.4140625 0.021875 0.0390625
0 0.46328125 0.40625 0.0265625 0.0390625
