1 0.978125 0.5029296875 0.040625 0.150390625
1 0.8421875 0.4814453125 0.025 0.091796875
0 0.73671875 0.4853515625 0.0484375 0.041015625
0 0.73125 0.4482421875 0.05 0.033203125
1 0.68515625 0.4716796875 0.0109375 0.048828125
1 0.6734375 0.4765625 0.01875 0.05859375
1 0.6546875 0.46484375 0.01875 0.046875
1 0.63671875 0.46484375 0.0203125 0.04296875
1 0.61875 0.46875 0.01875 0.05078125
0 0.5625 0.4755859375 0.046875 0.044921875
0 0.52578125 0.4677734375 0.0265625 0.029296875
0 0.4875 0.4658203125 0.04375 0.025390625
0 0.44140625 0.4638671875 0.0328125 0.033203125
0 0.384375 0.4658203125 0.0375 0.044921875
0 0.34453125 0.4677734375 0.0234375 0.029296875
0 0.30390625 0.466796875 0.0515625 0.0546875
1 0.03671875 0.474609375 0.0203125 0.0546875
1 0.078125 0.490234375 0.021875 0.05078125
0 0.11171875 0.4755859375 0.0859375 0.064453125
