1 0.0390625 0.501953125 0.04375 0.08203125
1 0.5796875 0.494140625 0.03125 0.10546875
1 0.596875 0.50390625 0.028125 0.08984375
1 0.61953125 0.4931640625 0.0296875 0.107421875
0 0.91328125 0.7451171875 0.1703125 0.396484375
0 0.86015625 0.615234375 0.2734375 0.2578125
0 0.68046875 0.51953125 0.1078125 0.09765625
0 0.41875 0.466796875 0.040625 0.046875
0 0.3796875 0.48046875 0.053125 0.08203125
0 0.34296875 0.50390625 0.0609375 0.078125
0 0.29765625 0.5244140625 0.0859375 0.103515625
0 0.265625 0.548828125 0.071875 0.12890625
0 0.13515625 0.5615234375 0.2203125 0.248046875
0 0.0421875 0.6455078125 0.084375 0.224609375
0 0.5203125 0.455078125 0.034375 0.04296875
0 0.26875 0.44921875 0.084375 0.0390625
0 0.44375 0.4580078125 0.028125 0.041015625
