2 0.27734375 0.5 0.0296875 0.05078125
2 0.10625 0.52734375 0.034375 0.05859375
2 0.20078125 0.505859375 0.0234375 0.05078125
2 0.1453125 0.509765625 0.021875 0.05859375
1 0.1140625 0.478515625 0.040625 0.12109375
1 0.14140625 0.46484375 0.0328125 0.08203125
1 0.16875 0.46484375 0.034375 0.12109375
1 0.203125 0.4609375 0.03125 0.078125
1 0.275 0.4677734375 0.034375 0.083984375
0 0.53515625 0.466796875 0.0703125 0.078125
0 0.05234375 0.48828125 0.1046875 0.11328125
0 0.2265625 0.4619140625 0.040625 0.076171875
0 0.49609375 0.4619140625 0.0265625 0.044921875
