1 0.896875 0.5205078125 0.084375 0.224609375
1 0.37109375 0.4990234375 0.0734375 0.177734375
1 0.225 0.4951171875 0.046875 0.126953125
1 0.20625 0.4716796875 0.05 0.126953125
0 0.171875 0.482421875 0.05 0.08984375
1 0.13203125 0.484375 0.0453125 0.12109375
0 0.54765625 0.4775390625 0.0765625 0.076171875
0 0.3234375 0.48046875 0.040625 0.0546875
0 0.0421875 0.5 0.084375 0.1171875
2 0.95234375 0.5869140625 0.0859375 0.134765625
2 0.8375 0.607421875 0.08125 0.1015625
2 0.4203125 0.5537109375 0.059375 0.123046875
2 0.34765625 0.56640625 0.0671875 0.07421875
2 0.21953125 0.5546875 0.0328125 0.07421875
2 0.13203125 0.5361328125 0.0453125 0.060546875
0 0.5078125 0.4814453125 0.025 0.044921875
0 0.49765625 0.4765625 0.0296875 0.04296875
