1 0.9328125 0.5185546875 0.034375 0.154296875
1 0.9046875 0.513671875 0.028125 0.1328125
1 0.8734375 0.521484375 0.03125 0.13671875
1 0.8296875 0.5078125 0.021875 0.09375
1 0.8046875 0.515625 0.025 0.08984375
1 0.775 0.5205078125 0.021875 0.095703125
1 0.75234375 0.5107421875 0.0203125 0.091796875
1 0.73359375 0.5146484375 0.0171875 0.083984375
1 0.71171875 0.5107421875 0.0171875 0.087890625
1 0.6765625 0.49609375 0.015625 0.06640625
1 0.615625 0.486328125 0.0125 0.0546875
1 0.5953125 0.4814453125 0.0125 0.048828125
1 0.64921875 0.482421875 0.0140625 0.0546875
1 0.56796875 0.458984375 0.0109375 0.0390625
0 0.40625 0.455078125 0.01875 0.02734375
0 0.453125 0.4716796875 0.06875 0.037109375
1 0.3625 0.4921875 0.0125 0.05859375
1 0.96796875 0.51953125 0.0390625 0.15234375
0 0.40703125 0.5439453125 0.0796875 0.111328125
0 0.33046875 0.486328125 0.0171875 0.04296875
0 0.30546875 0.494140625 0.0484375 0.0546875
0 0.4984375 0.5517578125 0.159375 0.162109375
1 0.225 0.48828125 0.0125 0.05859375
1 0.2 0.494140625 0.01875 0.0625
1 0.184375 0.4951171875 0.01875 0.060546875
1 0.12265625 0.486328125 0.0171875 0.04296875
1 0.109375 0.4853515625 0.015625 0.041015625
1 0.06484375 0.53125 0.0265625 0.08203125
0 0.0609375 0.5205078125 0.11875 0.080078125
1 0.53671875 0.458984375 0.0140625 0.0390625
1 0.7359375 0.4580078125 0.01875 0.029296875
0 0.384375 0.46875 0.040625 0.03515625
0 0.3640625 0.4853515625 0.04375 0.048828125
0 0.4390625 0.4365234375 0.015625 0.017578125
0 0.4125 0.4384765625 0.01875 0.017578125
1 0.71953125 0.458984375 0.0140625 0.02734375
1 0.703125 0.46484375 0.015625 0.03515625
1 0.8140625 0.451171875 0.0125 0.0390625
1 0.8 0.4521484375 0.0125 0.037109375
