1 0.5328125 0.46484375 0.034375 0.078125
1 0.47421875 0.4599609375 0.0328125 0.087890625
2 0.5359375 0.490234375 0.01875 0.046875
2 0.47421875 0.486328125 0.0203125 0.046875
0 0.57578125 0.482421875 0.0421875 0.07421875
0 0.66640625 0.49609375 0.1015625 0.16015625
0 0.77265625 0.5419921875 0.2546875 0.240234375
0 0.34296875 0.46484375 0.0578125 0.05078125
0 0.37109375 0.45703125 0.0359375 0.046875
0 0.3015625 0.478515625 0.05 0.07421875
0 0.22109375 0.48828125 0.1109375 0.10546875
0 0.3921875 0.4580078125 0.025 0.033203125
0 0.40234375 0.453125 0.0265625 0.03515625
0 0.41953125 0.4482421875 0.0203125 0.029296875
0 0.625 0.4765625 0.046875 0.1171875
