0 0.49375 0.5205078125 0.134375 0.123046875
0 0.925 0.4501953125 0.14375 0.146484375
0 0.9515625 0.4892578125 0.090625 0.123046875
1 0.821875 0.4775390625 0.053125 0.166015625
1 0.74375 0.482421875 0.03125 0.16015625
1 0.77578125 0.484375 0.0421875 0.17578125
1 0.61796875 0.46484375 0.0203125 0.06640625
1 0.02421875 0.515625 0.0328125 0.08203125
0 0.64296875 0.447265625 0.0265625 0.02734375
1 0.12578125 0.4873046875 0.0265625 0.033203125
1 0.1109375 0.4951171875 0.03125 0.052734375
0 0.39296875 0.470703125 0.0546875 0.03515625
1 0.603125 0.4541015625 0.01875 0.052734375
1 0.584375 0.455078125 0.01875 0.046875
