0 0.384375 0.4609375 0.03125 0.03125
0 0.41875 0.458984375 0.021875 0.0234375
0 0.44765625 0.4638671875 0.0453125 0.056640625
1 0.8796875 0.4736328125 0.028125 0.119140625
1 0.90859375 0.4736328125 0.0296875 0.119140625
1 0.93984375 0.4677734375 0.0265625 0.123046875
1 0.9765625 0.4697265625 0.04375 0.119140625
1 0.1 0.4599609375 0.021875 0.060546875
1 0.084375 0.45703125 0.025 0.05859375
1 0.17265625 0.4619140625 0.0203125 0.052734375
1 0.19921875 0.4599609375 0.0203125 0.052734375
1 0.8203125 0.45703125 0.028125 0.09765625
1 0.7875 0.4560546875 0.021875 0.103515625
