1 0.29296875 0.5009765625 0.0265625 0.115234375
1 0.4359375 0.4931640625 0.040625 0.123046875
1 0.4859375 0.484375 0.034375 0.09765625
1 0.859375 0.4677734375 0.025 0.056640625
1 0.94453125 0.4970703125 0.0484375 0.107421875
0 0.54296875 0.49609375 0.0921875 0.07421875
0 0.6359375 0.490234375 0.096875 0.0625
0 0.75625 0.48046875 0.1125 0.07421875
0 0.8234375 0.478515625 0.034375 0.046875
1 0.6703125 0.4619140625 0.021875 0.037109375
1 0.65390625 0.453125 0.0203125 0.0234375
1 0.603125 0.45703125 0.021875 0.03125
1 0.5609375 0.4541015625 0.01875 0.025390625
1 0.87890625 0.470703125 0.0234375 0.0625
1 0.9046875 0.4716796875 0.01875 0.056640625
1 0.97890625 0.4716796875 0.0234375 0.060546875
1 0.6328125 0.453125 0.01875 0.0234375
2 0.4796875 0.5244140625 0.03125 0.052734375
