0 0.0375 0.572265625 0.071875 0.203125
0 0.13515625 0.54296875 0.1953125 0.17578125
0 0.2546875 0.513671875 0.109375 0.1171875
0 0.39765625 0.48828125 0.0578125 0.06640625
0 0.41953125 0.4755859375 0.0609375 0.064453125
0 0.45390625 0.4697265625 0.0421875 0.052734375
0 0.5859375 0.4619140625 0.03125 0.033203125
0 0.84453125 0.486328125 0.0765625 0.078125
0 0.79375 0.5556640625 0.1875 0.166015625
0 0.96953125 0.8134765625 0.0578125 0.271484375
1 0.6765625 0.474609375 0.01875 0.0625
1 0.5453125 0.458984375 0.0125 0.03515625
0 0.33046875 0.490234375 0.1171875 0.1171875
0 0.4890625 0.466796875 0.03125 0.04296875
0 0.50703125 0.462890625 0.0234375 0.03515625
0 0.7265625 0.4716796875 0.046875 0.056640625
0 0.75625 0.4794921875 0.059375 0.052734375
0 0.809375 0.4619140625 0.071875 0.029296875
1 0.6046875 0.4609375 0.015625 0.03125
