2 0.0578125 0.564453125 0.1 0.06640625
1 0.05390625 0.5283203125 0.0546875 0.123046875
1 0.42734375 0.474609375 0.0359375 0.078125
2 0.42734375 0.5146484375 0.0265625 0.052734375
1 0.78984375 0.44921875 0.0328125 0.046875
1 0.75390625 0.47265625 0.0296875 0.09375
1 0.65859375 0.453125 0.0203125 0.04296875
0 0.5703125 0.451171875 0.05 0.03515625
0 0.64296875 0.6611328125 0.3046875 0.349609375
2 0.60390625 0.48046875 0.0703125 0.03125
0 0.51484375 0.4326171875 0.0296875 0.033203125
0 0.540625 0.4580078125 0.028125 0.041015625
1 0.9890625 0.486328125 0.01875 0.11328125
1 0.82421875 0.4453125 0.0234375 0.0546875
