1 0.56875 0.48046875 0.053125 0.16796875
1 0.6125 0.4638671875 0.034375 0.138671875
1 0.65234375 0.482421875 0.0484375 0.1953125
1 0.81953125 0.5283203125 0.1234375 0.455078125
1 0.91328125 0.5283203125 0.0984375 0.380859375
1 0.97109375 0.5712890625 0.0546875 0.560546875
0 0.47578125 0.470703125 0.0578125 0.08203125
0 0.3453125 0.5712890625 0.334375 0.318359375
0 0.015625 0.5400390625 0.028125 0.126953125
0 0.07578125 0.4873046875 0.1515625 0.212890625
0 0.1609375 0.4921875 0.0375 0.078125
0 0.18359375 0.4677734375 0.1390625 0.134765625
0 0.24765625 0.419921875 0.0578125 0.04296875
