1 0.01640625 0.458984375 0.0203125 0.06640625
1 0.1046875 0.46875 0.025 0.0703125
1 0.06015625 0.466796875 0.0203125 0.06640625
0 0.359375 0.4755859375 0.05625 0.064453125
0 0.309375 0.4638671875 0.0375 0.037109375
0 0.51171875 0.4755859375 0.0484375 0.044921875
0 0.48046875 0.4619140625 0.0296875 0.029296875
1 0.63203125 0.4580078125 0.0234375 0.072265625
0 0.38984375 0.466796875 0.0234375 0.046875
0 0.4125 0.4609375 0.021875 0.0234375
0 0.45078125 0.4609375 0.0234375 0.0234375
1 0.66640625 0.4521484375 0.0171875 0.052734375
