1 0.55390625 0.4775390625 0.0265625 0.072265625
1 0.784375 0.482421875 0.03125 0.078125
1 0.76875 0.5224609375 0.0375 0.107421875
0 0.9203125 0.48828125 0.15 0.09765625
0 0.73671875 0.4814453125 0.0484375 0.076171875
0 0.7140625 0.4638671875 0.04375 0.060546875
0 0.58828125 0.47265625 0.0484375 0.05859375
0 0.346875 0.49609375 0.0625 0.06640625
0 0.26484375 0.5234375 0.1109375 0.09765625
0 0.1203125 0.560546875 0.203125 0.18359375
0 0.49296875 0.4453125 0.0265625 0.02734375
0 0.38046875 0.47265625 0.0453125 0.0546875
2 0.553125 0.5107421875 0.01875 0.052734375
2 0.7609375 0.5654296875 0.040625 0.072265625
