0 0.0671875 0.591796875 0.134375 0.23046875
0 0.21015625 0.544921875 0.1328125 0.1171875
0 0.271875 0.5078125 0.090625 0.08984375
0 0.33125 0.4833984375 0.0625 0.060546875
0 0.63203125 0.51171875 0.0953125 0.08203125
0 0.6828125 0.462890625 0.053125 0.05859375
0 0.90625 0.5244140625 0.178125 0.126953125
0 0.9671875 0.55078125 0.05625 0.1328125
1 0.3890625 0.46875 0.021875 0.05859375
0 0.86171875 0.4931640625 0.1671875 0.095703125
1 0.421875 0.458984375 0.025 0.0390625
0 0.74765625 0.5 0.0828125 0.078125
