2 0.93125 0.5654296875 0.1125 0.177734375
1 0.7625 0.5078125 0.046875 0.09375
1 0.67578125 0.48828125 0.0328125 0.078125
1 0.5046875 0.4716796875 0.028125 0.076171875
1 0.43203125 0.49609375 0.0484375 0.14453125
0 0.4078125 0.46875 0.046875 0.078125
1 0.546875 0.4736328125 0.025 0.072265625
1 0.471875 0.470703125 0.015625 0.05859375
1 0.728125 0.494140625 0.0375 0.09375
1 0.9265625 0.4609375 0.034375 0.07421875
1 0.9828125 0.478515625 0.03125 0.13671875
0 0.10625 0.4755859375 0.08125 0.052734375
0 0.14375 0.4736328125 0.046875 0.044921875
0 0.6015625 0.4697265625 0.040625 0.044921875
1 0.5828125 0.47265625 0.01875 0.0625
