1 0.840625 0.5498046875 0.103125 0.400390625
1 0.9390625 0.634765625 0.11875 0.72265625
1 0.66328125 0.4677734375 0.0296875 0.087890625
1 0.63984375 0.470703125 0.0265625 0.08984375
1 0.1609375 0.4921875 0.025 0.06640625
1 0.146875 0.494140625 0.01875 0.05859375
0 0.425 0.4619140625 0.025 0.025390625
0 0.725 0.455078125 0.040625 0.06640625
1 0.55625 0.45703125 0.021875 0.05078125
1 0.54296875 0.4541015625 0.0203125 0.052734375
1 0.3765625 0.46484375 0.021875 0.05078125
1 0.125 0.486328125 0.025 0.03515625
