1 0.4 0.4677734375 0.021875 0.068359375
0 0.13984375 0.6513671875 0.2796875 0.380859375
0 0.31328125 0.53125 0.1296875 0.1640625
0 0.853125 0.7470703125 0.290625 0.498046875
0 0.7203125 0.587890625 0.159375 0.171875
0 0.6390625 0.5341796875 0.115625 0.123046875
0 0.60703125 0.494140625 0.0765625 0.09375
1 0.50703125 0.46484375 0.0203125 0.05859375
0 0.37734375 0.4697265625 0.0296875 0.041015625
0 0.40703125 0.4638671875 0.0203125 0.033203125
0 0.41875 0.4560546875 0.03125 0.033203125
0 0.12890625 0.474609375 0.1921875 0.05859375
0 0.5578125 0.45703125 0.040625 0.05859375
0 0.446875 0.4453125 0.025 0.0234375
1 0.43515625 0.4501953125 0.0140625 0.044921875
0 0.4984375 0.4521484375 0.034375 0.041015625
0 0.6734375 0.4501953125 0.03125 0.033203125
0 0.71953125 0.44140625 0.0546875 0.03515625
