0 0.62421875 0.494140625 0.0734375 0.08203125
0 0.4 0.46875 0.034375 0.04296875
0 0.378125 0.4697265625 0.03125 0.060546875
0 0.2625 0.48828125 0.0375 0.08203125
1 0.28828125 0.4912109375 0.0484375 0.119140625
1 0.34296875 0.48828125 0.0453125 0.125
0 0.1765625 0.484375 0.140625 0.125
2 0.33984375 0.5341796875 0.0390625 0.087890625
2 0.29140625 0.5185546875 0.0296875 0.076171875
2 0.72265625 0.546875 0.0453125 0.1015625
1 0.49375 0.4619140625 0.01875 0.029296875
0 0.4390625 0.46875 0.028125 0.03125
0 0.42265625 0.470703125 0.0203125 0.03515625
