1 0.99375 0.4306640625 0.009375 0.041015625
1 0.9765625 0.4345703125 0.015625 0.044921875
1 0.90625 0.443359375 0.021875 0.06640625
1 0.85546875 0.4482421875 0.0296875 0.072265625
1 0.765625 0.474609375 0.028125 0.09765625
1 0.7390625 0.46875 0.025 0.09375
1 0.68125 0.4619140625 0.021875 0.060546875
1 0.65703125 0.4658203125 0.0140625 0.060546875
0 0.5640625 0.4833984375 0.08125 0.083984375
0 0.5171875 0.4658203125 0.021875 0.041015625
1 0.49296875 0.45703125 0.0078125 0.02734375
0 0.43984375 0.46484375 0.0484375 0.05078125
0 0.409375 0.451171875 0.0125 0.01953125
0 0.3984375 0.45703125 0.0125 0.015625
0 0.37890625 0.4677734375 0.0578125 0.029296875
0 0.26171875 0.48046875 0.0578125 0.0625
0 0.1765625 0.4873046875 0.1125 0.099609375
0 0.0578125 0.5166015625 0.115625 0.158203125
