0 0.17109375 0.484375 0.1734375 0.1328125
0 0.28828125 0.466796875 0.0859375 0.1015625
0 0.35625 0.453125 0.071875 0.0625
0 0.3953125 0.44140625 0.04375 0.05859375
0 0.4234375 0.4462890625 0.025 0.037109375
0 0.6546875 0.4697265625 0.078125 0.083984375
0 0.7296875 0.4755859375 0.11875 0.169921875
0 0.83671875 0.5107421875 0.2546875 0.255859375
0 0.90859375 0.6328125 0.1796875 0.49609375
2 0.5828125 0.4755859375 0.01875 0.056640625
2 0.5171875 0.470703125 0.01875 0.05078125
1 0.51484375 0.443359375 0.0296875 0.09765625
1 0.58359375 0.4501953125 0.0296875 0.091796875
0 0.434375 0.4365234375 0.028125 0.037109375
0 0.4515625 0.4384765625 0.01875 0.025390625
