0 0.5796875 0.4697265625 0.059375 0.060546875
0 0.4125 0.466796875 0.040625 0.04296875
0 0.3171875 0.4658203125 0.040625 0.041015625
0 0.2546875 0.462890625 0.059375 0.0546875
0 0.16171875 0.529296875 0.1421875 0.13671875
0 0.06484375 0.5537109375 0.1234375 0.197265625
0 0.7234375 0.5302734375 0.1625 0.169921875
0 0.8296875 0.59765625 0.26875 0.234375
0 0.89296875 0.75390625 0.2078125 0.47265625
1 0.528125 0.4609375 0.021875 0.046875
1 0.4515625 0.4638671875 0.01875 0.044921875
0 0.3734375 0.474609375 0.05625 0.05859375
0 0.34609375 0.4609375 0.0296875 0.0390625
