0 0.084375 0.5849609375 0.165625 0.244140625
0 0.19375 0.5390625 0.109375 0.15625
0 0.2703125 0.51953125 0.0875 0.09765625
0 0.35859375 0.4814453125 0.0484375 0.052734375
0 0.38984375 0.466796875 0.0453125 0.0390625
0 0.58984375 0.4853515625 0.0671875 0.060546875
0 0.6984375 0.51171875 0.121875 0.08984375
0 0.75625 0.580078125 0.196875 0.1875
0 0.85859375 0.6904296875 0.2796875 0.294921875
1 0.19609375 0.55078125 0.0421875 0.15234375
1 0.32734375 0.4912109375 0.0515625 0.099609375
1 0.43828125 0.5771484375 0.0796875 0.240234375
1 0.61875 0.5986328125 0.084375 0.248046875
2 0.434375 0.65625 0.025 0.1328125
2 0.3265625 0.541015625 0.034375 0.07421875
0 0.15703125 0.4580078125 0.0484375 0.052734375
0 0.571875 0.46875 0.05625 0.06640625
0 0.54375 0.458984375 0.034375 0.0390625
0 0.459375 0.44921875 0.028125 0.03125
0 0.76015625 0.44921875 0.0953125 0.0546875
0 0.65390625 0.4541015625 0.1015625 0.037109375
0 0.7796875 0.4599609375 0.09375 0.044921875
