2 0.10546875 0.7275390625 0.0453125 0.130859375
0 0.046875 0.6201171875 0.09375 0.287109375
1 0.1109375 0.6376953125 0.090625 0.283203125
0 0.14375 0.546875 0.15625 0.17578125
0 0.2375 0.517578125 0.09375 0.12109375
0 0.2875 0.4912109375 0.0875 0.095703125
0 0.34765625 0.490234375 0.0453125 0.0703125
0 0.4078125 0.453125 0.0375 0.04296875
0 0.43046875 0.451171875 0.0296875 0.03515625
0 0.44765625 0.4404296875 0.0296875 0.044921875
0 0.5640625 0.4580078125 0.040625 0.041015625
0 0.64140625 0.5302734375 0.1015625 0.103515625
0 0.74296875 0.5458984375 0.1828125 0.150390625
0 0.84453125 0.646484375 0.2859375 0.25
0 0.96171875 0.8076171875 0.0671875 0.208984375
0 0.8859375 0.451171875 0.0875 0.02734375
0 0.74375 0.43359375 0.103125 0.04296875
0 0.6796875 0.4404296875 0.040625 0.052734375
0 0.49375 0.4404296875 0.01875 0.025390625
