1 0.13046875 0.4638671875 0.0265625 0.072265625
1 0.109375 0.4677734375 0.025 0.076171875
1 0.0859375 0.46875 0.021875 0.05859375
1 0.07421875 0.4443359375 0.0234375 0.052734375
1 0.26875 0.4501953125 0.021875 0.052734375
1 0.28828125 0.4482421875 0.0203125 0.060546875
1 0.50625 0.4501953125 0.01875 0.052734375
0 0.6296875 0.4873046875 0.096875 0.103515625
0 0.7015625 0.505859375 0.140625 0.140625
0 0.85390625 0.5283203125 0.2796875 0.212890625
1 0.5390625 0.4501953125 0.025 0.037109375
2 0.49140625 0.46484375 0.0203125 0.0234375
2 0.4546875 0.4599609375 0.01875 0.033203125
