0 0.9078125 0.6005859375 0.18125 0.318359375
0 0.7984375 0.5341796875 0.2 0.177734375
0 0.528125 0.4765625 0.040625 0.0390625
0 0.51328125 0.4658203125 0.0421875 0.037109375
0 0.49765625 0.451171875 0.0296875 0.03125
0 0.3703125 0.44921875 0.021875 0.03125
0 0.36171875 0.455078125 0.0296875 0.03125
0 0.35234375 0.46484375 0.0296875 0.03515625
0 0.321875 0.474609375 0.046875 0.05078125
1 0.23671875 0.4716796875 0.0203125 0.056640625
0 0.196875 0.44921875 0.053125 0.04296875
0 0.65 0.4296875 0.03125 0.02734375
0 0.6140625 0.4267578125 0.028125 0.025390625
0 0.0765625 0.4609375 0.046875 0.046875
0 0.0359375 0.470703125 0.025 0.03515625
