0 0.13515625 0.6240234375 0.2703125 0.314453125
0 0.29296875 0.53515625 0.1015625 0.12890625
0 0.34375 0.51171875 0.090625 0.09375
0 0.91328125 0.662109375 0.1671875 0.23046875
0 0.80390625 0.576171875 0.1546875 0.1328125
0 0.72109375 0.53515625 0.1265625 0.09375
0 0.671875 0.501953125 0.075 0.0703125
1 0.6046875 0.525390625 0.04375 0.1171875
1 0.525 0.5 0.04375 0.12890625
0 0.4453125 0.455078125 0.03125 0.03515625
1 0.4609375 0.455078125 0.01875 0.0390625
1 0.4109375 0.451171875 0.01875 0.046875
0 0.94921875 0.5048828125 0.0984375 0.076171875
0 0.37578125 0.5 0.0515625 0.08203125
0 0.40390625 0.4912109375 0.0296875 0.064453125
1 0.3984375 0.4423828125 0.01875 0.029296875
2 0.51796875 0.5419921875 0.0203125 0.068359375
