1 0.6421875 0.51171875 0.059375 0.23046875
1 0.5984375 0.5146484375 0.05625 0.240234375
1 0.9453125 0.6513671875 0.103125 0.669921875
0 0.85390625 0.4990234375 0.1734375 0.294921875
0 0.55625 0.484375 0.06875 0.125
0 0.69296875 0.486328125 0.0703125 0.09375
0 0.50546875 0.4755859375 0.0609375 0.119140625
0 0.45625 0.4716796875 0.059375 0.091796875
0 0.4203125 0.47265625 0.0375 0.08203125
0 0.39296875 0.4716796875 0.0421875 0.068359375
0 0.03671875 0.5009765625 0.0703125 0.169921875
0 0.07421875 0.484375 0.0859375 0.14453125
0 0.24453125 0.57421875 0.3453125 0.328125
