0 0.08515625 0.6171875 0.1703125 0.22265625
0 0.23203125 0.54296875 0.2265625 0.12890625
0 0.27109375 0.484375 0.1109375 0.0546875
0 0.3296875 0.466796875 0.053125 0.06640625
1 0.78125 0.6494140625 0.06875 0.291015625
1 0.36015625 0.4931640625 0.0234375 0.103515625
1 0.4078125 0.48828125 0.028125 0.109375
1 0.384375 0.490234375 0.021875 0.0859375
0 0.89609375 0.7080078125 0.2015625 0.416015625
0 0.72890625 0.5732421875 0.0609375 0.138671875
0 0.7046875 0.5478515625 0.1 0.119140625
0 0.63671875 0.5029296875 0.0859375 0.068359375
0 0.60234375 0.4736328125 0.0515625 0.056640625
0 0.55546875 0.4482421875 0.0265625 0.037109375
0 0.83046875 0.470703125 0.1234375 0.06640625
0 0.865625 0.4912109375 0.06875 0.072265625
1 0.6765625 0.4658203125 0.01875 0.041015625
1 0.653125 0.4541015625 0.021875 0.033203125
1 0.6375 0.453125 0.01875 0.03515625
1 0.2328125 0.4501953125 0.01875 0.025390625
1 0.21328125 0.4609375 0.0234375 0.03125
