1 0.6734375 0.4892578125 0.046875 0.123046875
1 0.7015625 0.4775390625 0.04375 0.154296875
1 0.16953125 0.484375 0.0203125 0.046875
0 0.809375 0.4609375 0.05625 0.078125
0 0.925 0.447265625 0.14375 0.14453125
0 0.95 0.484375 0.09375 0.125
0 0.64296875 0.4482421875 0.0234375 0.033203125
0 0.73125 0.4599609375 0.028125 0.056640625
1 0.375 0.462890625 0.0125 0.03125
1 0.5484375 0.4580078125 0.01875 0.044921875
1 0.6078125 0.4541015625 0.01875 0.056640625
1 0.59140625 0.455078125 0.0203125 0.046875
1 0.128125 0.48828125 0.021875 0.03125
1 0.11328125 0.4931640625 0.0203125 0.052734375
