1 0.5421875 0.4599609375 0.01875 0.056640625
0 0.06328125 0.5498046875 0.1171875 0.201171875
0 0.15625 0.5 0.165625 0.171875
0 0.25625 0.494140625 0.078125 0.12109375
0 0.3296875 0.474609375 0.084375 0.08203125
0 0.4109375 0.4619140625 0.059375 0.056640625
0 0.521875 0.44921875 0.025 0.03515625
0 0.625 0.478515625 0.071875 0.06640625
0 0.790625 0.578125 0.221875 0.21875
0 0.88671875 0.697265625 0.2203125 0.4375
1 0.5609375 0.4609375 0.025 0.0625
0 0.4359375 0.45703125 0.021875 0.0390625
0 0.45390625 0.4560546875 0.0203125 0.033203125
0 0.4578125 0.447265625 0.025 0.03515625
1 0.48125 0.451171875 0.0125 0.03515625
1 0.49609375 0.44921875 0.0140625 0.0390625
0 0.60234375 0.4619140625 0.0453125 0.056640625
0 0.37890625 0.470703125 0.0296875 0.05859375
0 0.68046875 0.4541015625 0.0359375 0.044921875
