1 0.5703125 0.47265625 0.021875 0.06640625
0 0.859375 0.6650390625 0.275 0.380859375
0 0.640625 0.5068359375 0.0625 0.099609375
0 0.61328125 0.4951171875 0.0484375 0.076171875
0 0.3734375 0.4736328125 0.053125 0.064453125
0 0.41015625 0.470703125 0.0296875 0.046875
0 0.09296875 0.529296875 0.1796875 0.19140625
0 0.21796875 0.4990234375 0.1359375 0.138671875
0 0.29609375 0.4921875 0.0921875 0.09765625
0 0.3390625 0.48828125 0.0625 0.0703125
0 0.4265625 0.466796875 0.028125 0.046875
0 0.4671875 0.458984375 0.028125 0.03125
0 0.759375 0.5380859375 0.209375 0.240234375
