0 0.040625 0.4990234375 0.08125 0.115234375
0 0.16484375 0.48046875 0.0609375 0.08203125
0 0.5484375 0.4794921875 0.078125 0.076171875
2 0.109375 0.544921875 0.05625 0.078125
2 0.20546875 0.5361328125 0.0265625 0.064453125
2 0.2671875 0.5166015625 0.03125 0.056640625
2 0.3421875 0.59765625 0.06875 0.09375
2 0.4390625 0.5888671875 0.090625 0.138671875
1 0.38828125 0.515625 0.0921875 0.19921875
1 0.26796875 0.4716796875 0.0328125 0.095703125
1 0.203125 0.4931640625 0.034375 0.126953125
1 0.2359375 0.4716796875 0.040625 0.087890625
0 0.50625 0.482421875 0.025 0.04296875
0 0.5 0.4736328125 0.03125 0.041015625
1 0.309375 0.4736328125 0.034375 0.076171875
1 0.3265625 0.4658203125 0.021875 0.060546875
