0 0.01484375 0.5634765625 0.0265625 0.212890625
0 0.09453125 0.541015625 0.1734375 0.171875
0 0.19296875 0.5 0.1359375 0.1640625
0 0.375 0.4765625 0.11875 0.0625
0 0.584375 0.4755859375 0.05625 0.060546875
0 0.8859375 0.4736328125 0.090625 0.037109375
0 0.9578125 0.482421875 0.08125 0.078125
0 0.86328125 0.6083984375 0.2671875 0.232421875
0 0.95625 0.72265625 0.084375 0.2265625
1 0.73671875 0.46484375 0.0265625 0.0390625
0 0.496875 0.451171875 0.025 0.03125
0 0.7015625 0.5205078125 0.134375 0.123046875
0 0.43203125 0.4580078125 0.0328125 0.041015625
1 0.46484375 0.4541015625 0.0171875 0.037109375
