0 0.09765625 0.6708984375 0.1921875 0.373046875
0 0.2421875 0.548828125 0.134375 0.14453125
0 0.315625 0.521484375 0.08125 0.109375
0 0.35078125 0.50390625 0.0515625 0.0859375
0 0.66953125 0.5107421875 0.0828125 0.076171875
0 0.7328125 0.5498046875 0.13125 0.115234375
0 0.8421875 0.5947265625 0.2 0.150390625
0 0.940625 0.6865234375 0.1125 0.212890625
1 0.5984375 0.5185546875 0.046875 0.123046875
1 0.50546875 0.4970703125 0.0359375 0.123046875
0 0.9625 0.509765625 0.071875 0.08984375
0 0.87890625 0.4775390625 0.0515625 0.056640625
0 0.425 0.45703125 0.025 0.0390625
1 0.01171875 0.4619140625 0.0234375 0.041015625
1 0.38984375 0.455078125 0.0203125 0.05078125
1 0.378125 0.4453125 0.01875 0.0390625
1 0.36484375 0.44140625 0.0203125 0.02734375
1 0.3765625 0.4892578125 0.040625 0.072265625
2 0.50546875 0.5517578125 0.0234375 0.072265625
