1 0.971875 0.494140625 0.0375 0.12109375
1 0.9359375 0.49609375 0.0375 0.125
0 0.75234375 0.4951171875 0.1046875 0.083984375
0 0.64296875 0.48046875 0.0546875 0.05078125
0 0.553125 0.470703125 0.05625 0.03515625
0 0.51171875 0.4677734375 0.0296875 0.041015625
0 0.4296875 0.4755859375 0.0625 0.064453125
0 0.3796875 0.470703125 0.025 0.02734375
0 0.23515625 0.4755859375 0.0359375 0.041015625
1 0.209375 0.4755859375 0.021875 0.044921875
1 0.1734375 0.4775390625 0.01875 0.044921875
1 0.15703125 0.47265625 0.0203125 0.05078125
1 0.1359375 0.474609375 0.021875 0.0546875
1 0.1046875 0.478515625 0.01875 0.046875
0 0.0703125 0.4560546875 0.028125 0.025390625
0 0.0734375 0.486328125 0.028125 0.03515625
1 0.04375 0.48046875 0.01875 0.05078125
1 0.0109375 0.478515625 0.01875 0.04296875
