2 0.74296875 0.662109375 0.0640625 0.19140625
2 0.5296875 0.685546875 0.04375 0.22265625
2 0.46875 0.58203125 0.01875 0.09375
2 0.9828125 0.6201171875 0.03125 0.119140625
0 0.3078125 0.5087890625 0.046875 0.044921875
0 0.3421875 0.501953125 0.04375 0.04296875
0 0.4234375 0.4990234375 0.025 0.025390625
1 0.384375 0.4970703125 0.015625 0.044921875
2 0.05546875 0.5263671875 0.0359375 0.076171875
2 0.8046875 0.568359375 0.04375 0.1015625
1 0.98125 0.4736328125 0.034375 0.162109375
1 0.74140625 0.4755859375 0.0953125 0.185546875
1 0.52109375 0.4794921875 0.1015625 0.197265625
1 0.4609375 0.470703125 0.034375 0.0859375
