0 0.89375 0.646484375 0.20625 0.24609375
0 0.7984375 0.5771484375 0.146875 0.134765625
0 0.71953125 0.5244140625 0.1109375 0.115234375
0 0.60703125 0.4736328125 0.0515625 0.060546875
0 0.646875 0.5068359375 0.065625 0.076171875
0 0.5125 0.4541015625 0.028125 0.029296875
1 0.3578125 0.4619140625 0.0125 0.041015625
1 0.3453125 0.4609375 0.0125 0.046875
1 0.365625 0.4599609375 0.0125 0.048828125
1 0.41484375 0.4521484375 0.0109375 0.029296875
1 0.425 0.451171875 0.009375 0.02734375
0 0.5671875 0.4609375 0.03125 0.03125
