0 0.46171875 0.494140625 0.1171875 0.11328125
2 0.921875 0.513671875 0.078125 0.1484375
2 0.96875 0.5263671875 0.059375 0.146484375
2 0.65546875 0.494140625 0.0171875 0.05859375
2 0.725 0.490234375 0.015625 0.0703125
2 0.6109375 0.4873046875 0.0375 0.068359375
2 0.28828125 0.4970703125 0.0171875 0.041015625
1 0.67578125 0.4755859375 0.0203125 0.072265625
1 0.58046875 0.453125 0.0109375 0.046875
1 0.5671875 0.453125 0.015625 0.046875
1 0.11953125 0.4697265625 0.0203125 0.103515625
1 0.2234375 0.4765625 0.01875 0.06640625
1 0.10078125 0.443359375 0.0171875 0.05078125
1 0.0484375 0.4580078125 0.015625 0.056640625
1 0.08125 0.4541015625 0.01875 0.052734375
1 0.31640625 0.46875 0.0171875 0.05859375
2 0.09375 0.5009765625 0.03125 0.048828125
2 0.71015625 0.490234375 0.0171875 0.06640625
1 0.28984375 0.453125 0.0171875 0.046875
1 0.259375 0.4619140625 0.0125 0.041015625
1 0.1734375 0.4462890625 0.015625 0.041015625
2 0.1390625 0.5 0.01875 0.046875
2 0.06171875 0.521484375 0.0359375 0.06640625
1 0.0125 0.5009765625 0.025 0.130859375
