0 0.08046875 0.5322265625 0.1609375 0.283203125
0 0.28046875 0.4677734375 0.0984375 0.091796875
0 0.340625 0.462890625 0.0375 0.046875
0 0.9 0.51953125 0.084375 0.1484375
0 0.7921875 0.51171875 0.075 0.14453125
0 0.69296875 0.4951171875 0.0671875 0.115234375
1 0.8484375 0.51171875 0.05625 0.2109375
1 0.746875 0.486328125 0.05 0.171875
1 0.6046875 0.4765625 0.01875 0.0625
1 0.63046875 0.48046875 0.0296875 0.09375
1 0.659375 0.4873046875 0.034375 0.107421875
2 0.8515625 0.5849609375 0.053125 0.103515625
2 0.746875 0.55078125 0.040625 0.0859375
2 0.65390625 0.52734375 0.0234375 0.06640625
2 0.63203125 0.51953125 0.0265625 0.0546875
2 0.60390625 0.509765625 0.0234375 0.04296875
2 0.5734375 0.50390625 0.021875 0.0390625
1 0.57109375 0.47265625 0.0265625 0.0625
1 0.540625 0.4697265625 0.021875 0.072265625
2 0.53984375 0.49609375 0.0203125 0.04296875
