0 0.70546875 0.529296875 0.1359375 0.140625
0 0.640625 0.517578125 0.053125 0.1015625
0 0.928125 0.728515625 0.140625 0.3515625
0 0.60078125 0.478515625 0.0421875 0.05859375
0 0.49609375 0.44140625 0.0296875 0.03125
0 0.4296875 0.4521484375 0.034375 0.033203125
0 0.3859375 0.4677734375 0.046875 0.044921875
0 0.04765625 0.513671875 0.0953125 0.12109375
1 0.321875 0.505859375 0.03125 0.09765625
2 0.32109375 0.533203125 0.0265625 0.0625
0 0.1484375 0.486328125 0.0375 0.078125
0 0.25390625 0.458984375 0.0453125 0.0546875
0 0.29296875 0.47265625 0.0515625 0.0546875
0 0.57109375 0.4638671875 0.0328125 0.041015625
0 0.559375 0.451171875 0.034375 0.04296875
