1 0.3671875 0.458984375 0.01875 0.0546875
0 0.5390625 0.4609375 0.03125 0.0390625
0 0.6203125 0.484375 0.065625 0.05859375
0 0.6734375 0.51171875 0.078125 0.09375
0 0.728125 0.5341796875 0.1125 0.134765625
0 0.82421875 0.560546875 0.1828125 0.19921875
0 0.90625 0.6337890625 0.184375 0.404296875
0 0.2359375 0.4619140625 0.115625 0.056640625
0 0.12578125 0.44140625 0.1015625 0.0703125
0 0.58359375 0.4697265625 0.0359375 0.044921875
0 0.38984375 0.4580078125 0.0296875 0.041015625
0 0.109375 0.458984375 0.06875 0.06640625
0 0.04453125 0.44921875 0.0734375 0.0859375
0 0.48046875 0.4560546875 0.0265625 0.025390625
0 0.3265625 0.453125 0.025 0.04296875
0 0.25703125 0.4482421875 0.0828125 0.060546875
3 0.35703125 0.474609375 0.0109375 0.01953125
