0 0.809375 0.4619140625 0.065625 0.076171875
0 0.9265625 0.447265625 0.14375 0.140625
0 0.95078125 0.484375 0.0921875 0.12109375
1 0.69765625 0.4736328125 0.0265625 0.099609375
1 0.66796875 0.4716796875 0.0265625 0.115234375
1 0.64921875 0.466796875 0.0296875 0.08203125
1 0.6265625 0.46875 0.025 0.0703125
1 0.5515625 0.458984375 0.01875 0.04296875
1 0.58203125 0.466796875 0.0203125 0.0546875
1 0.60234375 0.4599609375 0.0203125 0.052734375
1 0.16875 0.48046875 0.01875 0.04296875
1 0.12734375 0.48828125 0.0203125 0.03125
1 0.11171875 0.4892578125 0.0203125 0.052734375
0 0.446875 0.4638671875 0.03125 0.033203125
1 0.37421875 0.4609375 0.0109375 0.02734375
1 0.3625 0.46484375 0.009375 0.0234375
1 0.38046875 0.4599609375 0.0109375 0.029296875
