0 0.52421875 0.490234375 0.1046875 0.1171875
0 0.4375 0.470703125 0.015625 0.01953125
1 0.334375 0.466796875 0.009375 0.0234375
1 0.32265625 0.462890625 0.0109375 0.02734375
1 0.3078125 0.462890625 0.0125 0.02734375
1 0.2984375 0.462890625 0.009375 0.02734375
1 0.2875 0.4609375 0.009375 0.03125
1 0.2765625 0.462890625 0.0125 0.03515625
1 0.25390625 0.462890625 0.0140625 0.04296875
1 0.2328125 0.46484375 0.015625 0.0390625
1 0.22109375 0.4638671875 0.0140625 0.044921875
1 0.20546875 0.4658203125 0.0109375 0.044921875
1 0.18515625 0.474609375 0.0109375 0.04296875
1 0.16953125 0.4677734375 0.0140625 0.048828125
1 0.15859375 0.474609375 0.0109375 0.046875
1 0.12265625 0.46875 0.0171875 0.0546875
1 0.103125 0.46875 0.015625 0.0625
1 0.0703125 0.4716796875 0.015625 0.068359375
1 0.04453125 0.4833984375 0.0140625 0.072265625
1 0.85390625 0.3896484375 0.0203125 0.037109375
