0 0.78046875 0.4794921875 0.0921875 0.123046875
1 0.8859375 0.4970703125 0.071875 0.201171875
2 0.8953125 0.5576171875 0.0375 0.099609375
2 0.875 0.5791015625 0.01875 0.060546875
2 0.73203125 0.5478515625 0.0453125 0.060546875
1 0.73125 0.4912109375 0.04375 0.119140625
1 0.68125 0.4697265625 0.04375 0.123046875
2 0.684375 0.515625 0.0375 0.0546875
1 0.62734375 0.458984375 0.0296875 0.0859375
2 0.62734375 0.4921875 0.0234375 0.05078125
0 0.46875 0.427734375 0.025 0.02734375
0 0.4515625 0.4326171875 0.021875 0.033203125
0 0.43203125 0.44140625 0.0359375 0.046875
1 0.58671875 0.4560546875 0.0203125 0.056640625
