1 0.77734375 0.48046875 0.0421875 0.14453125
1 0.9296875 0.474609375 0.040625 0.13671875
0 0.03515625 0.4892578125 0.0703125 0.181640625
0 0.12734375 0.478515625 0.1515625 0.1484375
0 0.240625 0.4833984375 0.090625 0.087890625
0 0.303125 0.474609375 0.090625 0.0625
0 0.39453125 0.4755859375 0.0515625 0.076171875
0 0.46328125 0.4794921875 0.1296875 0.150390625
0 0.53046875 0.4677734375 0.0546875 0.091796875
1 0.69296875 0.4443359375 0.0203125 0.025390625
1 0.6796875 0.4453125 0.01875 0.02734375
1 0.66875 0.4443359375 0.021875 0.029296875
