0 0.4921875 0.48828125 0.1 0.09765625
0 0.40546875 0.453125 0.0234375 0.03125
0 0.35546875 0.4697265625 0.0609375 0.044921875
2 0.89921875 0.5068359375 0.0546875 0.107421875
1 0.5734375 0.451171875 0.0125 0.04296875
1 0.42734375 0.4677734375 0.0359375 0.087890625
1 0.25390625 0.466796875 0.0296875 0.06640625
1 0.27578125 0.46875 0.0234375 0.0546875
1 0.6171875 0.451171875 0.021875 0.0546875
1 0.68515625 0.4599609375 0.0203125 0.068359375
1 0.70625 0.451171875 0.021875 0.05078125
2 0.3046875 0.484375 0.040625 0.0390625
2 0.83203125 0.498046875 0.0484375 0.109375
1 0.30234375 0.46875 0.0203125 0.0703125
1 0.91875 0.4443359375 0.01875 0.076171875
1 0.2125 0.4609375 0.01875 0.046875
2 0.68671875 0.4970703125 0.0265625 0.060546875
1 0.93203125 0.447265625 0.0203125 0.078125
