1 0.61484375 0.462890625 0.0296875 0.11328125
1 0.6875 0.45703125 0.03125 0.10546875
1 0.64375 0.4609375 0.028125 0.1015625
1 0.79140625 0.521484375 0.0703125 0.19921875
1 0.86328125 0.4951171875 0.0796875 0.248046875
0 0.94375 0.4267578125 0.109375 0.099609375
0 0.9515625 0.4892578125 0.090625 0.115234375
0 0.31484375 0.501953125 0.1015625 0.09375
0 0.1359375 0.615234375 0.26875 0.28515625
1 0.1734375 0.48828125 0.028125 0.06640625
1 0.52890625 0.4658203125 0.0171875 0.048828125
1 0.55546875 0.455078125 0.0234375 0.046875
1 0.575 0.45703125 0.01875 0.05078125
0 0.72734375 0.455078125 0.0359375 0.0546875
0 0.42890625 0.4609375 0.0453125 0.02734375
1 0.128125 0.48828125 0.021875 0.03515625
1 0.1109375 0.4970703125 0.028125 0.052734375
0 0.978125 0.7822265625 0.0375 0.255859375
