1 0.803125 0.4541015625 0.025 0.107421875
1 0.75703125 0.4609375 0.0265625 0.09765625
1 0.73203125 0.4375 0.0328125 0.07421875
1 0.67109375 0.455078125 0.0234375 0.0625
1 0.61875 0.4599609375 0.040625 0.083984375
0 0.13671875 0.484375 0.1171875 0.109375
0 0.23046875 0.4794921875 0.0703125 0.068359375
0 0.30625 0.470703125 0.046875 0.05078125
0 0.403125 0.4697265625 0.028125 0.029296875
1 0.04765625 0.4697265625 0.0265625 0.060546875
1 0.03046875 0.4677734375 0.0234375 0.060546875
0 0.35546875 0.4677734375 0.0265625 0.025390625
