0 0.02734375 0.55859375 0.0546875 0.1484375
0 0.05234375 0.49609375 0.1015625 0.14453125
0 0.365625 0.458984375 0.175 0.125
0 0.46171875 0.490234375 0.0671875 0.1015625
0 0.56953125 0.48046875 0.1828125 0.13671875
0 0.778125 0.4990234375 0.265625 0.154296875
1 0.859375 0.431640625 0.040625 0.07421875
1 0.1765625 0.48828125 0.034375 0.1328125
1 0.1484375 0.48828125 0.040625 0.171875
1 0.26953125 0.4775390625 0.0296875 0.095703125
0 0.2546875 0.4755859375 0.028125 0.068359375
0 0.225 0.478515625 0.040625 0.05859375
1 0.1140625 0.4716796875 0.01875 0.064453125
