0 0.2546875 0.5263671875 0.0625 0.099609375
1 0.80390625 0.630859375 0.0921875 0.32421875
1 0.19375 0.611328125 0.1 0.23828125
0 0.10703125 0.5732421875 0.1265625 0.158203125
0 0.33359375 0.5029296875 0.1015625 0.091796875
0 0.409375 0.47265625 0.05625 0.06640625
0 0.48671875 0.4599609375 0.0546875 0.041015625
0 0.915625 0.7490234375 0.1625 0.337890625
0 0.74375 0.5546875 0.08125 0.18359375
0 0.9046875 0.5556640625 0.184375 0.162109375
0 0.678125 0.50390625 0.115625 0.1015625
0 0.590625 0.447265625 0.028125 0.02734375
0 0.8953125 0.45703125 0.05625 0.0390625
0 0.61484375 0.478515625 0.0328125 0.05078125
0 0.52421875 0.44140625 0.0234375 0.03125
0 0.4375 0.4697265625 0.025 0.052734375
0 0.4546875 0.458984375 0.028125 0.0546875
1 0.5390625 0.455078125 0.015625 0.0390625
0 0.22578125 0.556640625 0.0671875 0.11328125
2 0.18203125 0.7138671875 0.0609375 0.146484375
