0 0.70234375 0.4541015625 0.1546875 0.146484375
0 0.6125 0.46484375 0.028125 0.07421875
0 0.58515625 0.458984375 0.0265625 0.0546875
0 0.56484375 0.455078125 0.0234375 0.046875
0 0.55078125 0.451171875 0.0203125 0.03515625
0 0.5 0.44140625 0.01875 0.01953125
0 0.40859375 0.4443359375 0.0171875 0.021484375
0 0.38359375 0.4453125 0.0203125 0.02734375
0 0.3578125 0.447265625 0.034375 0.05078125
0 0.3078125 0.458984375 0.05 0.05859375
0 0.2140625 0.484375 0.096875 0.08203125
0 0.05234375 0.6064453125 0.1046875 0.283203125
