1 0.9125 0.5693359375 0.171875 0.541015625
1 0.4453125 0.4833984375 0.025 0.087890625
1 0.41171875 0.482421875 0.0265625 0.09375
1 0.37421875 0.4814453125 0.0328125 0.099609375
0 0.8015625 0.5244140625 0.128125 0.189453125
0 0.78359375 0.494140625 0.1859375 0.19140625
0 0.67109375 0.5029296875 0.0953125 0.126953125
0 0.64375 0.48828125 0.14375 0.1328125
0 0.53671875 0.4892578125 0.1046875 0.087890625
0 0.51875 0.4775390625 0.121875 0.091796875
0 0.25625 0.466796875 0.053125 0.03515625
0 0.1125 0.431640625 0.065625 0.0546875
0 0.12578125 0.4775390625 0.1015625 0.076171875
0 0.07265625 0.501953125 0.1421875 0.1328125
0 0.0296875 0.517578125 0.053125 0.140625
1 0.33984375 0.47265625 0.0234375 0.046875
1 0.31015625 0.4658203125 0.0203125 0.044921875
2 0.34140625 0.4912109375 0.0234375 0.025390625
2 0.3125 0.48828125 0.021875 0.02734375
