0 0.03125 0.546875 0.0625 0.16796875
0 0.184375 0.5048828125 0.23125 0.158203125
0 0.31015625 0.4755859375 0.0515625 0.091796875
0 0.36875 0.458984375 0.034375 0.03125
0 0.45625 0.45703125 0.034375 0.03515625
0 0.61484375 0.4755859375 0.0703125 0.064453125
0 0.65 0.5087890625 0.090625 0.091796875
0 0.93984375 0.4951171875 0.1109375 0.095703125
0 0.771875 0.5693359375 0.265625 0.185546875
0 0.91875 0.7265625 0.153125 0.39453125
1 0.5125 0.4658203125 0.015625 0.041015625
0 0.721875 0.45703125 0.075 0.0546875
