1 0.9 0.5009765625 0.040625 0.130859375
1 0.84140625 0.5029296875 0.0359375 0.134765625
1 0.77421875 0.5146484375 0.0328125 0.107421875
0 0.4921875 0.509765625 0.03125 0.02734375
0 0.4765625 0.4970703125 0.021875 0.025390625
0 0.4625 0.486328125 0.021875 0.0234375
0 0.4640625 0.47265625 0.028125 0.0234375
0 0.3984375 0.46875 0.021875 0.02734375
0 0.38671875 0.4775390625 0.0203125 0.025390625
0 0.37109375 0.486328125 0.0234375 0.03125
0 0.359375 0.4892578125 0.025 0.033203125
0 0.340625 0.50390625 0.034375 0.03515625
0 0.25078125 0.5400390625 0.1390625 0.119140625
1 0.52421875 0.484375 0.0109375 0.02734375
