0 0.81015625 0.4609375 0.0578125 0.0703125
0 0.91328125 0.455078125 0.1234375 0.14453125
0 0.93515625 0.50390625 0.0734375 0.0859375
1 0.97109375 0.4990234375 0.0390625 0.318359375
1 0.70078125 0.4755859375 0.0359375 0.134765625
1 0.6640625 0.474609375 0.0375 0.1484375
1 0.46171875 0.46875 0.0234375 0.08203125
1 0.4296875 0.47265625 0.028125 0.078125
1 0.2578125 0.5029296875 0.05625 0.212890625
1 0.35234375 0.462890625 0.0109375 0.02734375
1 0.36640625 0.4619140625 0.0140625 0.025390625
1 0.17265625 0.4814453125 0.0203125 0.044921875
1 0.1296875 0.48828125 0.021875 0.03125
1 0.11328125 0.4892578125 0.0234375 0.056640625
1 0.5984375 0.458984375 0.01875 0.05859375
1 0.57734375 0.4580078125 0.0203125 0.056640625
1 0.63046875 0.451171875 0.0203125 0.046875
1 0.6171875 0.4560546875 0.01875 0.056640625
0 0.7296875 0.4580078125 0.034375 0.056640625
