0 0.05859375 0.583984375 0.1046875 0.17578125
0 0.17265625 0.5595703125 0.1515625 0.150390625
0 0.321875 0.49609375 0.065625 0.0703125
0 0.37890625 0.486328125 0.0578125 0.07421875
0 0.46015625 0.4541015625 0.0328125 0.033203125
0 0.7125 0.576171875 0.15 0.1640625
0 0.8359375 0.6337890625 0.271875 0.263671875
0 0.9015625 0.7802734375 0.19375 0.435546875
1 0.0359375 0.6669921875 0.071875 0.341796875
1 0.428125 0.59765625 0.08125 0.28125
1 0.60625 0.5771484375 0.08125 0.248046875
2 0.421875 0.685546875 0.040625 0.15234375
2 0.0390625 0.7724609375 0.071875 0.166015625
0 0.2765625 0.478515625 0.06875 0.05859375
0 0.09375 0.4833984375 0.059375 0.091796875
0 0.5546875 0.46484375 0.040625 0.05078125
0 0.68046875 0.462890625 0.1171875 0.04296875
0 0.834375 0.470703125 0.109375 0.0625
0 0.809375 0.458984375 0.1125 0.0625
