0 0.07578125 0.6064453125 0.1453125 0.240234375
2 0.18359375 0.720703125 0.0359375 0.15234375
1 0.17890625 0.62890625 0.0765625 0.265625
0 0.1703125 0.54296875 0.134375 0.171875
0 0.25078125 0.51171875 0.0828125 0.109375
0 0.29765625 0.4853515625 0.0796875 0.103515625
0 0.3515625 0.4833984375 0.04375 0.072265625
0 0.41328125 0.4501953125 0.0421875 0.041015625
0 0.5625 0.453125 0.046875 0.04296875
0 0.6296875 0.525390625 0.090625 0.1015625
0 0.71796875 0.541015625 0.1546875 0.1328125
0 0.80546875 0.609375 0.2453125 0.19921875
0 0.92734375 0.7392578125 0.1421875 0.291015625
0 0.453125 0.44140625 0.028125 0.03515625
0 0.66953125 0.4384765625 0.0328125 0.041015625
0 0.73515625 0.4384765625 0.1015625 0.064453125
0 0.47890625 0.4404296875 0.0234375 0.025390625
0 0.5125 0.4384765625 0.021875 0.025390625
