1 0.86484375 0.5361328125 0.0484375 0.201171875
0 0.0328125 0.56640625 0.065625 0.171875
0 0.19375 0.515625 0.1375 0.109375
0 0.28125 0.5029296875 0.078125 0.083984375
0 0.3390625 0.490234375 0.0625 0.05859375
0 0.53671875 0.4619140625 0.0359375 0.033203125
0 0.61328125 0.494140625 0.0796875 0.08984375
1 0.58046875 0.4765625 0.0234375 0.0546875
0 0.91171875 0.4833984375 0.0859375 0.095703125
0 0.365625 0.4833984375 0.046875 0.060546875
0 0.40078125 0.47265625 0.0484375 0.05859375
0 0.44296875 0.4638671875 0.0234375 0.037109375
0 0.4625 0.462890625 0.021875 0.02734375
