1 0.14375 0.4716796875 0.03125 0.064453125
1 0.7078125 0.4560546875 0.03125 0.068359375
1 0.6828125 0.455078125 0.028125 0.06640625
1 0.65703125 0.45703125 0.0265625 0.0546875
0 0.93359375 0.5107421875 0.1296875 0.099609375
0 0.39453125 0.5234375 0.1921875 0.09375
0 0.51640625 0.482421875 0.0421875 0.05859375
0 0.26796875 0.474609375 0.0578125 0.0625
0 0.20234375 0.466796875 0.0734375 0.07421875
1 0.5828125 0.431640625 0.01875 0.02734375
1 0.53671875 0.4384765625 0.0203125 0.033203125
0 0.40625 0.46484375 0.04375 0.03125
0 0.38359375 0.4541015625 0.0359375 0.033203125
0 0.36171875 0.45703125 0.0265625 0.03125
1 0.12265625 0.4755859375 0.0203125 0.068359375
0 0.57265625 0.4599609375 0.0703125 0.029296875
