0 0.97890625 0.6015625 0.0390625 0.15234375
0 0.909375 0.5146484375 0.178125 0.224609375
1 0.771875 0.4765625 0.0875 0.18359375
2 0.77421875 0.5791015625 0.0796875 0.154296875
0 0.71640625 0.5009765625 0.0390625 0.107421875
0 0.6828125 0.478515625 0.103125 0.12109375
0 0.45234375 0.5126953125 0.2546875 0.291015625
0 0.32265625 0.48046875 0.0203125 0.046875
0 0.296875 0.486328125 0.0375 0.05859375
0 0.26953125 0.4921875 0.0359375 0.0625
0 0.21875 0.4970703125 0.109375 0.083984375
0 0.0890625 0.4931640625 0.175 0.189453125
0 0.04375 0.62890625 0.0875 0.25
