1 0.9703125 0.400390625 0.021875 0.03515625
1 0.9859375 0.4462890625 0.021875 0.044921875
1 0.9546875 0.4423828125 0.025 0.052734375
3 0.95234375 0.4990234375 0.0359375 0.041015625
1 0.9 0.4658203125 0.040625 0.107421875
1 0.8375 0.44921875 0.025 0.11328125
1 0.7546875 0.4482421875 0.025 0.091796875
1 0.7171875 0.4462890625 0.025 0.099609375
0 0.49140625 0.4482421875 0.0296875 0.033203125
0 0.43828125 0.447265625 0.0203125 0.02734375
0 0.39921875 0.443359375 0.0578125 0.05859375
0 0.31640625 0.45703125 0.0296875 0.0546875
0 0.27265625 0.4560546875 0.0671875 0.064453125
