0 0.8125 0.4609375 0.0625 0.078125
0 0.925 0.447265625 0.146875 0.14453125
0 0.9515625 0.486328125 0.090625 0.12109375
1 0.71875 0.478515625 0.0375 0.14453125
1 0.678125 0.4765625 0.0375 0.15234375
1 0.459375 0.4716796875 0.028125 0.095703125
1 0.4171875 0.4765625 0.034375 0.09375
1 0.09921875 0.52734375 0.0796875 0.30859375
1 0.16875 0.486328125 0.01875 0.05078125
1 0.1296875 0.48828125 0.015625 0.02734375
1 0.3671875 0.4638671875 0.0125 0.029296875
1 0.375 0.462890625 0.0125 0.02734375
1 0.38359375 0.462890625 0.0109375 0.03125
1 0.6203125 0.4609375 0.015625 0.04296875
1 0.60390625 0.4599609375 0.0203125 0.056640625
1 0.5796875 0.455078125 0.01875 0.05078125
1 0.5515625 0.458984375 0.01875 0.046875
