0 0.9375 0.638671875 0.121875 0.30859375
1 0.921875 0.439453125 0.015625 0.04296875
1 0.86640625 0.439453125 0.0203125 0.06640625
1 0.85234375 0.4453125 0.0203125 0.0625
1 0.84453125 0.4453125 0.0140625 0.0546875
1 0.72109375 0.4697265625 0.0171875 0.080078125
1 0.690625 0.466796875 0.0125 0.0546875
1 0.6703125 0.4716796875 0.025 0.072265625
1 0.634375 0.466796875 0.01875 0.046875
1 0.58359375 0.462890625 0.0109375 0.03515625
0 0.5484375 0.478515625 0.065625 0.0703125
0 0.44921875 0.46484375 0.0484375 0.05078125
0 0.4171875 0.458984375 0.021875 0.0234375
0 0.403125 0.46484375 0.015625 0.01953125
0 0.3828125 0.462890625 0.025 0.02734375
0 0.3015625 0.48046875 0.040625 0.046875
0 0.3375 0.462890625 0.015625 0.015625
0 0.16796875 0.498046875 0.0984375 0.109375
0 0.078125 0.529296875 0.15625 0.140625
0 0.2484375 0.482421875 0.071875 0.078125
