0 0.10859375 0.458984375 0.0984375 0.10546875
0 0.1671875 0.453125 0.046875 0.078125
0 0.2234375 0.4482421875 0.05625 0.060546875
1 0.2484375 0.4736328125 0.028125 0.099609375
3 0.2234375 0.5029296875 0.015625 0.025390625
0 0.75859375 0.5458984375 0.1484375 0.130859375
0 0.68515625 0.5224609375 0.0515625 0.095703125
0 0.68359375 0.505859375 0.0796875 0.08984375
0 0.64375 0.490234375 0.053125 0.07421875
0 0.55390625 0.466796875 0.0453125 0.04296875
0 0.3125 0.4599609375 0.084375 0.044921875
0 0.3671875 0.462890625 0.05 0.04296875
0 0.06796875 0.4697265625 0.0328125 0.123046875
0 0.4828125 0.458984375 0.025 0.0234375
0 0.6109375 0.4765625 0.04375 0.05859375
0 0.015625 0.4521484375 0.03125 0.099609375
