0 0.234375 0.4375 0.165625 0.125
0 0.16875 0.4140625 0.06875 0.07421875
0 0.31484375 0.400390625 0.0421875 0.04296875
0 0.475 0.4150390625 0.05625 0.064453125
0 0.5109375 0.4345703125 0.075 0.072265625
0 0.396875 0.40625 0.03125 0.03125
1 0.84609375 0.537109375 0.0859375 0.30078125
1 0.9125 0.5498046875 0.165625 0.427734375
0 0.79296875 0.4326171875 0.0671875 0.052734375
1 0.253125 0.361328125 0.028125 0.03125
1 0.22265625 0.3642578125 0.0203125 0.025390625
1 0.36640625 0.3994140625 0.0171875 0.041015625
1 0.42734375 0.4052734375 0.0140625 0.037109375
1 0.353125 0.400390625 0.0125 0.0390625
0 0.70625 0.45703125 0.1 0.1015625
