1 0.44765625 0.4580078125 0.0203125 0.060546875
1 0.5921875 0.451171875 0.015625 0.05078125
1 0.62265625 0.4501953125 0.0203125 0.052734375
0 0.49609375 0.458984375 0.0296875 0.04296875
0 0.05625 0.52734375 0.1125 0.18359375
0 0.13671875 0.4814453125 0.1109375 0.072265625
0 0.225 0.4794921875 0.096875 0.072265625
0 0.3109375 0.4736328125 0.103125 0.056640625
0 0.39921875 0.470703125 0.0859375 0.0546875
1 0.22734375 0.4384765625 0.0203125 0.025390625
1 0.409375 0.439453125 0.021875 0.0234375
1 0.46484375 0.4638671875 0.0234375 0.056640625
1 0.4796875 0.462890625 0.021875 0.05859375
1 0.30625 0.4375 0.01875 0.0234375
