0 0.3015625 0.4658203125 0.090625 0.083984375
0 0.36015625 0.466796875 0.0265625 0.046875
0 0.43046875 0.4658203125 0.0796875 0.064453125
1 0.7265625 0.486328125 0.053125 0.12890625
0 0.478125 0.4482421875 0.028125 0.025390625
0 0.5015625 0.4462890625 0.01875 0.021484375
0 0.51796875 0.4482421875 0.0234375 0.025390625
0 0.53203125 0.4443359375 0.0203125 0.017578125
1 0.6140625 0.44921875 0.015625 0.0390625
1 0.634375 0.45703125 0.015625 0.05859375
1 0.6453125 0.4560546875 0.015625 0.056640625
1 0.6546875 0.45703125 0.015625 0.0546875
1 0.696875 0.4580078125 0.025 0.037109375
2 0.72890625 0.5263671875 0.0765625 0.068359375
