0 0.47265625 0.494140625 0.1328125 0.12890625
2 0.2609375 0.50390625 0.021875 0.046875
2 0.76875 0.5078125 0.01875 0.07421875
2 0.6921875 0.48828125 0.025 0.078125
2 0.63671875 0.4892578125 0.0453125 0.080078125
1 0.09765625 0.4638671875 0.0296875 0.115234375
1 0.07265625 0.4404296875 0.0171875 0.060546875
1 0.01875 0.4560546875 0.028125 0.068359375
2 0.06953125 0.4951171875 0.0328125 0.048828125
1 0.31640625 0.4619140625 0.0171875 0.056640625
1 0.303125 0.4609375 0.0125 0.0546875
1 0.590625 0.451171875 0.0125 0.046875
1 0.578125 0.451171875 0.015625 0.05078125
2 0.75390625 0.5078125 0.0140625 0.078125
1 0.40859375 0.447265625 0.0109375 0.02734375
2 0.4078125 0.47265625 0.0125 0.0234375
0 0.54140625 0.48828125 0.0140625 0.046875
1 0.2625 0.4482421875 0.01875 0.068359375
1 0.23046875 0.4609375 0.0171875 0.06640625
1 0.2125 0.4521484375 0.015625 0.048828125
2 0.1203125 0.4951171875 0.015625 0.048828125
2 0.0203125 0.521484375 0.0375 0.0625
