0 0.76171875 0.5615234375 0.1453125 0.126953125
0 0.7046875 0.5361328125 0.078125 0.076171875
0 0.6734375 0.5126953125 0.078125 0.087890625
0 0.61484375 0.5 0.0421875 0.05859375
0 0.51015625 0.46875 0.0296875 0.02734375
1 0.36484375 0.4658203125 0.0140625 0.041015625
0 0.5984375 0.486328125 0.03125 0.0390625
0 0.590625 0.482421875 0.034375 0.046875
0 0.56640625 0.47265625 0.0296875 0.02734375
0 0.5328125 0.4658203125 0.025 0.025390625
1 0.38125 0.466796875 0.0125 0.04296875
1 0.42578125 0.4609375 0.0140625 0.03125
