1 0.5984375 0.5146484375 0.05 0.181640625
1 0.559375 0.5009765625 0.034375 0.103515625
1 0.259375 0.498046875 0.03125 0.11328125
1 0.23046875 0.4951171875 0.0359375 0.107421875
0 0.1546875 0.4755859375 0.103125 0.052734375
0 0.071875 0.5458984375 0.140625 0.169921875
0 0.48359375 0.47265625 0.0484375 0.03515625
0 0.703125 0.5625 0.15 0.171875
0 0.83515625 0.623046875 0.2890625 0.26953125
0 0.5109375 0.47265625 0.01875 0.03125
0 0.525 0.4736328125 0.021875 0.029296875
0 0.35078125 0.4609375 0.0671875 0.05859375
