1 0.34609375 0.4794921875 0.0234375 0.072265625
1 0.36875 0.4716796875 0.021875 0.091796875
1 0.60546875 0.4638671875 0.0234375 0.072265625
1 0.63671875 0.4599609375 0.0234375 0.091796875
0 0.8078125 0.4658203125 0.05625 0.083984375
0 0.92421875 0.4482421875 0.1453125 0.134765625
0 0.95078125 0.48828125 0.0859375 0.1171875
1 0.16875 0.48046875 0.01875 0.04296875
1 0.128125 0.48828125 0.021875 0.03515625
1 0.475 0.45703125 0.01875 0.046875
1 0.590625 0.4560546875 0.01875 0.052734375
1 0.5796875 0.455078125 0.01875 0.0546875
0 0.72578125 0.4580078125 0.0359375 0.052734375
1 0.671875 0.435546875 0.01875 0.0390625
