0 0.5390625 0.4765625 0.071875 0.08984375
0 0.39375 0.486328125 0.05 0.06640625
1 0.465625 0.4814453125 0.025 0.072265625
1 0.36171875 0.50390625 0.0265625 0.08203125
0 0.328125 0.5107421875 0.059375 0.091796875
0 0.2484375 0.5458984375 0.146875 0.119140625
0 0.0875 0.6298828125 0.175 0.212890625
0 0.67578125 0.5078125 0.1203125 0.1171875
0 0.7265625 0.5546875 0.121875 0.13671875
0 0.8265625 0.607421875 0.215625 0.18359375
0 0.92578125 0.798828125 0.1421875 0.34375
0 0.615625 0.484375 0.05625 0.0703125
0 0.75390625 0.4677734375 0.0578125 0.044921875
0 0.7515625 0.439453125 0.05625 0.0234375
0 0.953125 0.478515625 0.0875 0.0859375
0 0.87109375 0.4716796875 0.0609375 0.072265625
0 0.80859375 0.46484375 0.0296875 0.0625
0 0.50234375 0.45703125 0.0265625 0.03515625
