1 0.196875 0.505859375 0.0375 0.11328125
1 0.2359375 0.50390625 0.04375 0.12109375
1 0.8640625 0.474609375 0.034375 0.125
1 0.84375 0.4853515625 0.0375 0.119140625
0 0.31328125 0.46484375 0.0515625 0.05078125
0 0.55234375 0.615234375 0.5078125 0.4921875
1 0.28203125 0.51171875 0.0484375 0.1171875
0 0.0109375 0.5693359375 0.021875 0.119140625
0 0.9875 0.720703125 0.021875 0.23828125
0 0.925 0.46875 0.03125 0.09375
0 0.88984375 0.4736328125 0.0296875 0.064453125
1 0.75546875 0.494140625 0.0234375 0.05859375
1 0.7828125 0.455078125 0.034375 0.0546875
