2 0.66171875 0.5546875 0.0234375 0.0546875
1 0.65703125 0.5341796875 0.0328125 0.083984375
1 0.78515625 0.5224609375 0.0328125 0.095703125
1 0.859375 0.521484375 0.03125 0.08984375
1 0.29921875 0.4951171875 0.0203125 0.041015625
1 0.19453125 0.48828125 0.0265625 0.0390625
0 0.38125 0.509765625 0.04375 0.046875
0 0.4203125 0.51953125 0.059375 0.0703125
0 0.52265625 0.515625 0.0515625 0.05859375
0 0.48125 0.57421875 0.146875 0.1640625
0 0.21484375 0.576171875 0.2234375 0.16796875
1 0.8171875 0.5185546875 0.028125 0.060546875
