0 0.69140625 0.5224609375 0.2234375 0.193359375
0 0.35234375 0.46875 0.0640625 0.05859375
0 0.434375 0.4716796875 0.04375 0.060546875
0 0.44921875 0.462890625 0.0421875 0.05859375
0 0.4765625 0.451171875 0.01875 0.0390625
1 0.24921875 0.4638671875 0.0203125 0.072265625
1 0.265625 0.462890625 0.01875 0.05859375
1 0.40234375 0.4794921875 0.0453125 0.138671875
1 0.50703125 0.4658203125 0.0234375 0.091796875
2 0.825 0.505859375 0.0375 0.03515625
2 0.5265625 0.4873046875 0.0125 0.037109375
2 0.490625 0.482421875 0.0125 0.03125
1 0.86875 0.44921875 0.028125 0.078125
1 0.9203125 0.466796875 0.021875 0.10546875
1 0.903125 0.451171875 0.015625 0.07421875
1 0.82265625 0.4677734375 0.0328125 0.041015625
1 0.5234375 0.451171875 0.0125 0.04296875
1 0.49140625 0.451171875 0.0140625 0.0390625
