0 0.646875 0.4521484375 0.0875 0.103515625
0 0.35859375 0.439453125 0.0703125 0.0703125
0 0.1984375 0.431640625 0.065625 0.0625
0 0.05859375 0.4287109375 0.0828125 0.091796875
0 0.4296875 0.423828125 0.03125 0.0390625
1 0.58046875 0.4462890625 0.0234375 0.091796875
1 0.56015625 0.4462890625 0.0234375 0.091796875
1 0.403125 0.435546875 0.025 0.08203125
0 0.26328125 0.4501953125 0.1203125 0.103515625
0 0.11171875 0.4208984375 0.0546875 0.068359375
0 0.1046875 0.404296875 0.10625 0.08203125
0 0.45078125 0.4267578125 0.0203125 0.037109375
0 0.46015625 0.419921875 0.0296875 0.03515625
