0 0.90234375 0.5078125 0.1921875 0.2890625
0 0.83515625 0.48828125 0.2546875 0.203125
0 0.696875 0.5009765625 0.028125 0.087890625
1 0.675 0.5029296875 0.01875 0.091796875
0 0.5609375 0.50390625 0.215625 0.296875
1 0.37890625 0.5341796875 0.0890625 0.349609375
2 0.35234375 0.6640625 0.0921875 0.15625
2 0.43125 0.640625 0.046875 0.15234375
0 0.2171875 0.4833984375 0.24375 0.228515625
0 0.15 0.505859375 0.090625 0.21875
0 0.06875 0.5 0.1375 0.31640625
0 0.42265625 0.509765625 0.0515625 0.10546875
