0 0.14453125 0.572265625 0.1828125 0.15625
0 0.2421875 0.529296875 0.115625 0.12109375
0 0.48984375 0.4501953125 0.0296875 0.025390625
0 0.57734375 0.466796875 0.0578125 0.0546875
0 0.61484375 0.4921875 0.0796875 0.05859375
0 0.8375 0.4853515625 0.0875 0.083984375
0 0.73984375 0.478515625 0.1265625 0.0703125
0 0.72734375 0.5546875 0.1765625 0.1640625
1 0.521875 0.44921875 0.015625 0.03125
1 0.46875 0.453125 0.01875 0.0390625
0 0.4375 0.4541015625 0.028125 0.033203125
0 0.3953125 0.470703125 0.04375 0.04296875
0 0.9046875 0.5009765625 0.071875 0.181640625
