2 0.28203125 0.49609375 0.0296875 0.046875
1 0.29609375 0.470703125 0.0328125 0.07421875
0 0.434375 0.4619140625 0.040625 0.052734375
0 0.46484375 0.4619140625 0.0296875 0.033203125
1 0.50703125 0.458984375 0.0203125 0.05078125
1 0.67421875 0.453125 0.0203125 0.08203125
1 0.81171875 0.4580078125 0.0296875 0.083984375
1 0.778125 0.455078125 0.03125 0.08203125
1 0.75625 0.4521484375 0.028125 0.076171875
2 0.3203125 0.4912109375 0.028125 0.037109375
1 0.1109375 0.455078125 0.021875 0.046875
1 0.21015625 0.4541015625 0.0203125 0.041015625
1 0.159375 0.4443359375 0.021875 0.037109375
