0 0.33515625 0.48046875 0.0734375 0.078125
0 0.6640625 0.4658203125 0.109375 0.083984375
1 0.4171875 0.470703125 0.028125 0.09375
1 0.4453125 0.4716796875 0.03125 0.099609375
1 0.5203125 0.5849609375 0.1375 0.291015625
1 0.7953125 0.5693359375 0.125 0.365234375
1 0.87578125 0.509765625 0.0734375 0.26171875
1 0.76015625 0.470703125 0.0609375 0.15625
1 0.953125 0.5478515625 0.090625 0.369140625
1 0.52109375 0.4482421875 0.0296875 0.060546875
1 0.3859375 0.451171875 0.015625 0.0390625
1 0.1265625 0.453125 0.0125 0.03515625
1 0.134375 0.451171875 0.0125 0.02734375
1 0.19140625 0.4609375 0.0203125 0.03515625
