0 0.06328125 0.529296875 0.1171875 0.25
0 0.1046875 0.490234375 0.084375 0.15234375
0 0.1890625 0.5009765625 0.11875 0.138671875
0 0.26328125 0.4814453125 0.0703125 0.119140625
0 0.3515625 0.462890625 0.034375 0.03125
0 0.63125 0.4912109375 0.09375 0.091796875
0 0.63984375 0.5146484375 0.0703125 0.107421875
0 0.70625 0.546875 0.1625 0.15234375
0 0.8828125 0.7587890625 0.228125 0.466796875
0 0.75546875 0.4697265625 0.0953125 0.072265625
0 0.471875 0.46484375 0.028125 0.03125
0 0.440625 0.4658203125 0.034375 0.033203125
1 0.41171875 0.4599609375 0.0171875 0.041015625
1 0.5328125 0.470703125 0.015625 0.05078125
1 0.5203125 0.4716796875 0.0125 0.056640625
1 0.5109375 0.470703125 0.009375 0.0546875
