0 0.5796875 0.4765625 0.065625 0.0625
0 0.253125 0.462890625 0.078125 0.05078125
1 0.37578125 0.478515625 0.0546875 0.12890625
1 0.40859375 0.5888671875 0.1640625 0.416015625
1 0.684375 0.642578125 0.128125 0.2734375
1 0.72578125 0.466796875 0.0234375 0.078125
1 0.70546875 0.46484375 0.0234375 0.078125
1 0.11953125 0.50390625 0.0765625 0.19140625
2 0.13671875 0.5439453125 0.1578125 0.126953125
1 0.85390625 0.44140625 0.0265625 0.03515625
1 0.98203125 0.443359375 0.0265625 0.0390625
1 0.68515625 0.455078125 0.0203125 0.06640625
0 0.55078125 0.470703125 0.0203125 0.046875
0 0.54140625 0.466796875 0.0265625 0.04296875
0 0.53515625 0.4609375 0.0328125 0.05078125
1 0.50859375 0.4521484375 0.0203125 0.037109375
1 0.0171875 0.44140625 0.01875 0.0703125
1 0.08125 0.4365234375 0.025 0.029296875
1 0.06171875 0.4384765625 0.0234375 0.029296875
0 0.190625 0.46484375 0.03125 0.0390625
