1 0.90390625 0.48046875 0.0265625 0.0703125
1 0.7828125 0.447265625 0.021875 0.03515625
1 0.69296875 0.4755859375 0.0171875 0.029296875
1 0.65625 0.4765625 0.01875 0.03125
0 0.92578125 0.6005859375 0.1453125 0.384765625
0 0.76796875 0.5400390625 0.2203125 0.162109375
0 0.53671875 0.478515625 0.0953125 0.10546875
0 0.484375 0.494140625 0.103125 0.1015625
0 0.38359375 0.4794921875 0.0328125 0.033203125
0 0.35 0.478515625 0.025 0.03125
0 0.30859375 0.478515625 0.0296875 0.02734375
0 0.19609375 0.501953125 0.1359375 0.1015625
0 0.065625 0.5244140625 0.13125 0.138671875
