0 0.153125 0.48046875 0.109375 0.0546875
0 0.2390625 0.5107421875 0.11875 0.107421875
0 0.3171875 0.4833984375 0.06875 0.060546875
0 0.34375 0.466796875 0.040625 0.05078125
0 0.64296875 0.455078125 0.0359375 0.046875
0 0.4953125 0.4404296875 0.03125 0.033203125
0 0.696875 0.470703125 0.075 0.07421875
0 0.9265625 0.4814453125 0.140625 0.107421875
0 0.953125 0.513671875 0.0875 0.1640625
1 0.5203125 0.4599609375 0.021875 0.060546875
0 0.74609375 0.5048828125 0.0328125 0.076171875
0 0.8359375 0.49609375 0.096875 0.1015625
0 0.38828125 0.4443359375 0.0328125 0.037109375
0 0.40625 0.43359375 0.028125 0.03515625
2 0.525 0.478515625 0.01875 0.03515625
