0 0.621875 0.478515625 0.046875 0.07421875
1 0.57578125 0.5 0.0453125 0.140625
0 0.53984375 0.4609375 0.0265625 0.0703125
0 0.51953125 0.447265625 0.0203125 0.06640625
0 0.503125 0.44140625 0.01875 0.05859375
0 0.49140625 0.40625 0.0296875 0.0390625
0 0.48046875 0.3857421875 0.0265625 0.037109375
0 0.46171875 0.3818359375 0.0203125 0.025390625
0 0.37109375 0.3837890625 0.0296875 0.029296875
0 0.35546875 0.3974609375 0.0234375 0.029296875
0 0.3453125 0.4111328125 0.028125 0.033203125
0 0.33515625 0.4228515625 0.0265625 0.044921875
0 0.3203125 0.4326171875 0.028125 0.044921875
0 0.290625 0.443359375 0.046875 0.05078125
0 0.21484375 0.4775390625 0.0921875 0.083984375
0 0.0859375 0.443359375 0.075 0.0625
0 0.03125 0.443359375 0.028125 0.05859375
