0 0.97578125 0.5517578125 0.0453125 0.115234375
1 0.9046875 0.5283203125 0.01875 0.099609375
1 0.8046875 0.52734375 0.01875 0.09375
1 0.78515625 0.521484375 0.0203125 0.09765625
1 0.7171875 0.5185546875 0.01875 0.087890625
0 0.74296875 0.5107421875 0.0328125 0.080078125
0 0.69375 0.5078125 0.025 0.0703125
0 0.6765625 0.5126953125 0.021875 0.044921875
0 0.659375 0.494140625 0.04375 0.0625
1 0.6015625 0.4814453125 0.009375 0.025390625
0 0.3703125 0.482421875 0.33125 0.1484375
1 0.89375 0.5234375 0.015625 0.0859375
