0 0.6859375 0.513671875 0.1875 0.19140625
0 0.5734375 0.5 0.04375 0.078125
0 0.55078125 0.498046875 0.0265625 0.05078125
0 0.53046875 0.49609375 0.0203125 0.0390625
0 0.48828125 0.498046875 0.0234375 0.0234375
0 0.44453125 0.5009765625 0.0203125 0.025390625
0 0.415625 0.494140625 0.021875 0.0390625
0 0.3890625 0.4970703125 0.034375 0.052734375
0 0.3390625 0.494140625 0.0625 0.0703125
0 0.253125 0.5107421875 0.1125 0.091796875
1 0.17421875 0.490234375 0.0203125 0.08203125
0 0.08359375 0.5205078125 0.1671875 0.185546875
