0 0.51796875 0.5205078125 0.0703125 0.044921875
0 0.4625 0.533203125 0.01875 0.03125
0 0.3703125 0.5263671875 0.04375 0.041015625
0 0.39453125 0.513671875 0.0421875 0.046875
1 0.946875 0.53515625 0.028125 0.1015625
1 0.97421875 0.541015625 0.0296875 0.08984375
1 0.9046875 0.5556640625 0.046875 0.169921875
1 0.84609375 0.5234375 0.0359375 0.09375
1 0.8140625 0.5654296875 0.059375 0.130859375
1 0.76015625 0.5361328125 0.0359375 0.095703125
1 0.73359375 0.529296875 0.0296875 0.09765625
1 0.69375 0.5361328125 0.034375 0.095703125
1 0.621875 0.537109375 0.028125 0.0859375
1 0.66015625 0.525390625 0.0328125 0.08984375
