1 0.10390625 0.5126953125 0.0421875 0.138671875
1 0.0765625 0.5068359375 0.046875 0.158203125
0 0.02578125 0.486328125 0.0484375 0.06640625
0 0.1484375 0.478515625 0.05625 0.046875
0 0.45390625 0.466796875 0.0328125 0.0390625
1 0.65859375 0.46484375 0.0234375 0.046875
1 0.89921875 0.484375 0.0328125 0.0625
1 0.94921875 0.470703125 0.0421875 0.05078125
2 0.81328125 0.513671875 0.0453125 0.1015625
0 0.240625 0.47265625 0.05 0.0390625
0 0.3671875 0.484375 0.15 0.140625
0 0.5171875 0.462890625 0.040625 0.05078125
0 0.49296875 0.462890625 0.0203125 0.02734375
