1 0.20390625 0.462890625 0.0234375 0.0703125
1 0.2234375 0.4658203125 0.01875 0.068359375
1 0.23828125 0.466796875 0.0203125 0.06640625
0 0.58984375 0.470703125 0.0421875 0.05078125
1 0.68359375 0.49609375 0.0328125 0.125
1 0.7828125 0.4951171875 0.028125 0.099609375
0 0.50625 0.45703125 0.028125 0.02734375
1 0.82421875 0.494140625 0.0234375 0.10546875
1 0.85390625 0.505859375 0.0421875 0.12890625
1 0.91640625 0.505859375 0.0328125 0.12890625
1 0.9453125 0.5009765625 0.028125 0.123046875
1 0.98046875 0.5244140625 0.0328125 0.162109375
1 0.6234375 0.4658203125 0.021875 0.052734375
1 0.4 0.4453125 0.0125 0.0234375
1 0.40625 0.4501953125 0.0125 0.025390625
1 0.63828125 0.4677734375 0.0140625 0.056640625
1 0.66015625 0.466796875 0.0140625 0.0546875
1 0.65078125 0.46875 0.0140625 0.05859375
1 0.74296875 0.4775390625 0.0234375 0.072265625
