1 0.60390625 0.4599609375 0.0234375 0.087890625
1 0.62734375 0.4638671875 0.0203125 0.083984375
1 0.67265625 0.4580078125 0.0328125 0.119140625
1 0.24140625 0.4873046875 0.0265625 0.083984375
1 0.2203125 0.4951171875 0.025 0.072265625
0 0.81171875 0.46484375 0.0609375 0.08203125
0 0.92578125 0.4482421875 0.1453125 0.138671875
0 0.83125 0.4677734375 0.03125 0.072265625
0 0.95546875 0.4873046875 0.0828125 0.126953125
0 0.7296875 0.4599609375 0.034375 0.052734375
1 0.3765625 0.4638671875 0.0125 0.029296875
1 0.171875 0.478515625 0.01875 0.04296875
1 0.128125 0.486328125 0.021875 0.03515625
