1 0.99375 0.4658203125 0.009375 0.150390625
1 0.959375 0.4677734375 0.046875 0.166015625
1 0.909375 0.478515625 0.034375 0.140625
1 0.84296875 0.4833984375 0.0265625 0.103515625
1 0.81875 0.478515625 0.028125 0.109375
1 0.7890625 0.48046875 0.028125 0.11328125
1 0.775 0.4794921875 0.021875 0.091796875
1 0.75703125 0.4794921875 0.0234375 0.091796875
1 0.73125 0.4794921875 0.021875 0.083984375
1 0.71171875 0.4853515625 0.0203125 0.072265625
1 0.70234375 0.4912109375 0.0203125 0.064453125
1 0.6859375 0.4921875 0.01875 0.0625
1 0.6359375 0.5009765625 0.021875 0.033203125
1 0.6125 0.5029296875 0.01875 0.029296875
1 0.5890625 0.484375 0.028125 0.0546875
2 0.5875 0.5400390625 0.021875 0.056640625
0 0.47734375 0.5244140625 0.0421875 0.029296875
1 0.190625 0.521484375 0.01875 0.05859375
1 0.178125 0.521484375 0.01875 0.0625
1 0.09921875 0.5166015625 0.0234375 0.076171875
1 0.0703125 0.513671875 0.025 0.078125
