1 0.07890625 0.4912109375 0.0578125 0.185546875
1 0.7671875 0.509765625 0.03125 0.078125
1 0.6953125 0.478515625 0.021875 0.09765625
1 0.721875 0.46875 0.046875 0.1796875
0 0.446875 0.4775390625 0.046875 0.041015625
0 0.39375 0.4765625 0.040625 0.04296875
1 0.59140625 0.46875 0.0234375 0.06640625
1 0.5671875 0.46875 0.021875 0.06640625
1 0.55546875 0.4658203125 0.0203125 0.064453125
1 0.51875 0.4677734375 0.01875 0.060546875
1 0.50234375 0.466796875 0.0203125 0.05859375
1 0.5328125 0.46484375 0.01875 0.0625
