2 0.615625 0.5966796875 0.05625 0.201171875
2 0.484375 0.5927734375 0.040625 0.177734375
2 0.37734375 0.5029296875 0.0171875 0.068359375
1 0.84296875 0.4541015625 0.0359375 0.060546875
1 0.91953125 0.4296875 0.0328125 0.02734375
2 0.74765625 0.537109375 0.0546875 0.14453125
2 0.7015625 0.5126953125 0.028125 0.099609375
2 0.86875 0.546875 0.128125 0.1328125
2 0.8046875 0.515625 0.05625 0.109375
2 0.65703125 0.513671875 0.0171875 0.0859375
1 0.615625 0.40625 0.075 0.1796875
1 0.48125 0.4287109375 0.06875 0.162109375
1 0.378125 0.44140625 0.03125 0.0625
1 0.30859375 0.447265625 0.0140625 0.0234375
