0 0.2765625 0.5048828125 0.109375 0.095703125
0 0.390625 0.474609375 0.05 0.0625
0 0.37890625 0.4892578125 0.0234375 0.041015625
0 0.359375 0.4951171875 0.0375 0.060546875
0 0.33984375 0.505859375 0.0359375 0.0703125
0 0.5875 0.4951171875 0.05 0.080078125
0 0.63828125 0.501953125 0.0796875 0.125
0 0.66640625 0.548828125 0.1078125 0.1171875
1 0.42734375 0.5166015625 0.0359375 0.123046875
1 0.52734375 0.50390625 0.0359375 0.109375
0 0.26171875 0.458984375 0.0359375 0.03125
2 0.4296875 0.54296875 0.025 0.0703125
