1 0.46953125 0.4833984375 0.0296875 0.072265625
1 0.48984375 0.4697265625 0.0328125 0.087890625
1 0.578125 0.4658203125 0.021875 0.064453125
1 0.6171875 0.4609375 0.025 0.08984375
0 0.81171875 0.458984375 0.0578125 0.0703125
0 0.83203125 0.4765625 0.0234375 0.0703125
0 0.925 0.4462890625 0.146875 0.138671875
0 0.95234375 0.494140625 0.0921875 0.1328125
0 0.6453125 0.447265625 0.025 0.03125
1 0.67421875 0.4296875 0.0203125 0.02734375
0 0.7296875 0.458984375 0.034375 0.0625
1 0.1703125 0.48046875 0.021875 0.04296875
1 0.12734375 0.484375 0.0234375 0.03515625
