0 0.26875 0.490234375 0.059375 0.05859375
0 0.30078125 0.4814453125 0.0546875 0.056640625
0 0.5890625 0.484375 0.09375 0.0859375
0 0.5953125 0.50390625 0.06875 0.0859375
0 0.6640625 0.5087890625 0.128125 0.111328125
0 0.85 0.53125 0.296875 0.2578125
0 0.34140625 0.4833984375 0.0296875 0.044921875
0 0.5453125 0.4892578125 0.0375 0.052734375
0 0.525 0.482421875 0.021875 0.04296875
0 0.496875 0.4765625 0.034375 0.0390625
0 0.38515625 0.474609375 0.0265625 0.03515625
0 0.359375 0.4814453125 0.01875 0.041015625
0 0.39453125 0.4755859375 0.0265625 0.033203125
