0 0.80703125 0.451171875 0.0546875 0.0703125
0 0.925 0.4189453125 0.140625 0.083984375
0 0.875 0.517578125 0.246875 0.20703125
1 0.6640625 0.458984375 0.028125 0.08203125
1 0.64609375 0.4638671875 0.0296875 0.099609375
1 0.61015625 0.474609375 0.0296875 0.07421875
1 0.11484375 0.490234375 0.0234375 0.06640625
1 0.0953125 0.46875 0.021875 0.03125
0 0.45546875 0.4609375 0.0421875 0.02734375
0 0.728125 0.458984375 0.0375 0.0625
0 0.39765625 0.4619140625 0.0265625 0.025390625
1 0.59453125 0.4619140625 0.0140625 0.068359375
1 0.578125 0.462890625 0.01875 0.0703125
