0 0.9765625 0.5390625 0.04375 0.125
0 0.89375 0.48046875 0.209375 0.20703125
0 0.83125 0.4775390625 0.159375 0.154296875
0 0.746875 0.494140625 0.025 0.0625
0 0.6140625 0.4990234375 0.25 0.330078125
0 0.4859375 0.482421875 0.021875 0.08203125
0 0.3984375 0.4716796875 0.15625 0.173828125
0 0.35234375 0.4892578125 0.0453125 0.154296875
0 0.3171875 0.462890625 0.065625 0.16796875
1 0.2703125 0.5078125 0.103125 0.27734375
2 0.29296875 0.615234375 0.0734375 0.11328125
0 0.1890625 0.3955078125 0.11875 0.048828125
0 0.1171875 0.48046875 0.234375 0.26953125
2 0.2421875 0.626953125 0.040625 0.15625
