0 0.03984375 0.5166015625 0.0796875 0.169921875
0 0.1921875 0.4951171875 0.11875 0.091796875
1 0.14296875 0.4580078125 0.0296875 0.056640625
0 0.24765625 0.48046875 0.0859375 0.0859375
0 0.33515625 0.4736328125 0.0203125 0.048828125
0 0.35234375 0.4697265625 0.0171875 0.044921875
0 0.975 0.591796875 0.046875 0.14453125
0 0.8953125 0.5283203125 0.20625 0.201171875
2 0.63203125 0.5595703125 0.0234375 0.115234375
0 0.78203125 0.5087890625 0.1546875 0.138671875
0 0.6890625 0.4970703125 0.078125 0.087890625
1 0.6359375 0.4833984375 0.05 0.166015625
0 0.6015625 0.484375 0.025 0.0703125
0 0.5859375 0.486328125 0.01875 0.05078125
0 0.56328125 0.4716796875 0.0328125 0.044921875
0 0.5453125 0.4658203125 0.028125 0.044921875
0 0.5296875 0.462890625 0.025 0.04296875
0 0.5 0.4658203125 0.01875 0.021484375
0 0.4734375 0.4677734375 0.021875 0.025390625
0 0.428125 0.4658203125 0.01875 0.025390625
0 0.40859375 0.466796875 0.0203125 0.02734375
0 0.3890625 0.46484375 0.021875 0.03125
0 0.37109375 0.46484375 0.0234375 0.04296875
0 0.30859375 0.4755859375 0.0359375 0.056640625
