1 0.44296875 0.4599609375 0.0203125 0.041015625
0 0.8390625 0.630859375 0.246875 0.2265625
0 0.725 0.5498046875 0.140625 0.146484375
0 0.6546875 0.5185546875 0.084375 0.115234375
0 0.20390625 0.4833984375 0.1421875 0.072265625
0 0.084375 0.4794921875 0.071875 0.068359375
0 0.02578125 0.509765625 0.0515625 0.08203125
0 0.121875 0.46484375 0.06875 0.046875
0 0.26796875 0.4677734375 0.0859375 0.052734375
0 0.3765625 0.45703125 0.034375 0.05078125
0 0.425 0.45703125 0.025 0.03125
0 0.6140625 0.4833984375 0.065625 0.076171875
0 0.58828125 0.47265625 0.0421875 0.0625
0 0.50234375 0.44140625 0.0265625 0.02734375
