0 0.83125 0.4736328125 0.028125 0.060546875
0 0.80703125 0.4599609375 0.0546875 0.072265625
0 0.92578125 0.4482421875 0.1453125 0.138671875
0 0.95078125 0.4912109375 0.0953125 0.126953125
1 0.60546875 0.458984375 0.0234375 0.08203125
1 0.6546875 0.4580078125 0.03125 0.103515625
1 0.2640625 0.48828125 0.028125 0.0625
1 0.28125 0.4765625 0.025 0.08203125
0 0.72578125 0.458984375 0.0359375 0.0546875
1 0.621875 0.4658203125 0.025 0.068359375
1 0.1703125 0.478515625 0.021875 0.04296875
1 0.128125 0.4873046875 0.021875 0.033203125
