0 0.0671875 0.5478515625 0.134375 0.248046875
0 0.2421875 0.462890625 0.0875 0.06640625
0 0.31796875 0.4755859375 0.0921875 0.087890625
0 0.38203125 0.46484375 0.0546875 0.0546875
0 0.415625 0.451171875 0.034375 0.0546875
1 0.65234375 0.4599609375 0.0203125 0.060546875
0 0.728125 0.4921875 0.078125 0.0859375
0 0.915625 0.501953125 0.134375 0.1171875
0 0.9390625 0.51171875 0.11875 0.125
1 0.81484375 0.5595703125 0.0734375 0.283203125
0 0.66875 0.4609375 0.025 0.0546875
0 0.603125 0.4521484375 0.025 0.033203125
0 0.5765625 0.4560546875 0.040625 0.044921875
0 0.5359375 0.4453125 0.01875 0.0234375
0 0.43984375 0.4521484375 0.0203125 0.033203125
0 0.45234375 0.44921875 0.0234375 0.02734375
0 0.46328125 0.443359375 0.0234375 0.02734375
0 0.11484375 0.447265625 0.0671875 0.03515625
