0 0.1859375 0.4189453125 0.128125 0.107421875
0 0.059375 0.4013671875 0.109375 0.041015625
0 0.46640625 0.4287109375 0.0671875 0.064453125
0 0.5078125 0.41796875 0.040625 0.05078125
0 0.53046875 0.4140625 0.0421875 0.04296875
0 0.56640625 0.40625 0.0484375 0.04296875
0 0.7375 0.4208984375 0.0625 0.072265625
0 0.9515625 0.443359375 0.09375 0.10546875
0 0.89921875 0.4501953125 0.0859375 0.095703125
0 0.6234375 0.3974609375 0.01875 0.033203125
0 0.6046875 0.396484375 0.028125 0.046875
0 0.89140625 0.421875 0.1171875 0.0859375
