0 0.3625 0.5166015625 0.171875 0.177734375
1 0.69140625 0.47265625 0.0484375 0.140625
1 0.77578125 0.5087890625 0.0640625 0.212890625
1 0.84375 0.47265625 0.034375 0.13671875
1 0.8765625 0.484375 0.0375 0.15625
1 0.95703125 0.486328125 0.0515625 0.1640625
2 0.7796875 0.568359375 0.04375 0.12890625
2 0.69296875 0.52734375 0.0546875 0.09375
0 0.14453125 0.486328125 0.1703125 0.15234375
0 0.2703125 0.482421875 0.0375 0.04296875
1 0.5390625 0.474609375 0.021875 0.05859375
1 0.5265625 0.482421875 0.01875 0.05078125
0 0.91953125 0.466796875 0.0421875 0.07421875
