0 0.75546875 0.5859375 0.1078125 0.12109375
0 0.52734375 0.556640625 0.0796875 0.078125
0 0.3109375 0.509765625 0.04375 0.05078125
0 0.26015625 0.513671875 0.0546875 0.0703125
0 0.16796875 0.53125 0.1296875 0.10546875
0 0.19765625 0.5771484375 0.1546875 0.130859375
1 0.73203125 0.5068359375 0.0171875 0.044921875
0 0.50078125 0.5224609375 0.0546875 0.072265625
0 0.465625 0.5224609375 0.025 0.041015625
0 0.4078125 0.50390625 0.021875 0.0234375
1 0.82109375 0.5029296875 0.0234375 0.044921875
1 0.80625 0.5029296875 0.021875 0.052734375
1 0.778125 0.5068359375 0.025 0.044921875
0 0.8921875 0.5595703125 0.165625 0.060546875
0 0.88828125 0.525390625 0.0578125 0.05859375
