0 0.1078125 0.5556640625 0.215625 0.185546875
0 0.265625 0.501953125 0.1125 0.13671875
0 0.3609375 0.49609375 0.084375 0.07421875
0 0.40546875 0.48046875 0.0546875 0.06640625
0 0.48203125 0.4658203125 0.0359375 0.033203125
0 0.59375 0.47265625 0.028125 0.03515625
0 0.69375 0.5234375 0.078125 0.109375
0 0.74765625 0.5361328125 0.1109375 0.123046875
0 0.834375 0.5849609375 0.265625 0.208984375
0 0.93125 0.7119140625 0.134375 0.306640625
1 0.6359375 0.5 0.034375 0.11328125
1 0.17734375 0.4609375 0.0296875 0.046875
1 0.75 0.4677734375 0.021875 0.029296875
1 0.52265625 0.458984375 0.0109375 0.02734375
0 0.54296875 0.458984375 0.0203125 0.0234375
0 0.96171875 0.4892578125 0.0734375 0.072265625
