1 0.6 0.4609375 0.025 0.09375
1 0.58515625 0.4599609375 0.0234375 0.091796875
1 0.7046875 0.421875 0.021875 0.04296875
0 0.021875 0.474609375 0.04375 0.125
0 0.07109375 0.4716796875 0.0953125 0.099609375
0 0.146875 0.474609375 0.08125 0.0859375
0 0.29765625 0.4716796875 0.0703125 0.064453125
0 0.3796875 0.45703125 0.025 0.03125
0 0.43671875 0.458984375 0.0265625 0.03125
0 0.49375 0.4609375 0.05 0.05859375
1 0.8171875 0.4287109375 0.028125 0.072265625
1 0.83671875 0.423828125 0.0265625 0.046875
1 0.85859375 0.421875 0.0265625 0.05078125
1 0.79921875 0.421875 0.0234375 0.046875
