0 0.91875 0.6337890625 0.159375 0.337890625
0 0.68984375 0.486328125 0.1296875 0.09375
0 0.48828125 0.494140625 0.1203125 0.09375
0 0.56015625 0.48828125 0.0703125 0.07421875
2 0.0859375 0.5 0.021875 0.08984375
1 0.1921875 0.47265625 0.01875 0.078125
2 0.32578125 0.4921875 0.0140625 0.03515625
1 0.6640625 0.44921875 0.01875 0.03125
1 0.3265625 0.4599609375 0.01875 0.037109375
2 0.3 0.482421875 0.03125 0.03125
2 0.17265625 0.486328125 0.0203125 0.03515625
2 0.15546875 0.4873046875 0.0234375 0.041015625
2 0.13828125 0.4912109375 0.0265625 0.087890625
2 0.1078125 0.50390625 0.021875 0.0859375
2 0.059375 0.5078125 0.04375 0.1171875
2 0.0265625 0.5078125 0.025 0.125
2 0.0109375 0.5078125 0.021875 0.1171875
1 0.709375 0.4453125 0.0125 0.0234375
0 0.8015625 0.484375 0.078125 0.0859375
