1 0.8515625 0.4580078125 0.04375 0.099609375
1 0.8078125 0.4541015625 0.0375 0.091796875
1 0.67578125 0.455078125 0.0265625 0.04296875
1 0.24921875 0.4697265625 0.0234375 0.064453125
0 0.73359375 0.5048828125 0.1765625 0.130859375
0 0.528125 0.47265625 0.05625 0.0546875
0 0.45 0.4775390625 0.053125 0.044921875
0 0.378125 0.4609375 0.03125 0.03515625
0 0.2109375 0.4921875 0.078125 0.078125
0 0.14375 0.4931640625 0.103125 0.099609375
0 0.03046875 0.51953125 0.0609375 0.12890625
0 0.3171875 0.470703125 0.046875 0.04296875
