2 0.58671875 0.4755859375 0.0296875 0.044921875
2 0.5421875 0.4765625 0.034375 0.04296875
1 0.571875 0.427734375 0.01875 0.0546875
0 0.63046875 0.4443359375 0.1046875 0.060546875
0 0.52734375 0.4326171875 0.0796875 0.060546875
0 0.4765625 0.4404296875 0.025 0.033203125
0 0.46796875 0.42578125 0.0296875 0.04296875
0 0.44453125 0.427734375 0.0265625 0.0390625
0 0.41015625 0.42578125 0.0265625 0.03515625
1 0.39140625 0.4501953125 0.0203125 0.083984375
1 0.37421875 0.4482421875 0.0171875 0.083984375
1 0.33046875 0.4111328125 0.0109375 0.025390625
1 0.3203125 0.41015625 0.0125 0.02734375
0 0.1375 0.43359375 0.040625 0.046875
