0 0.6296875 0.4990234375 0.134375 0.134765625
0 0.9 0.5244140625 0.196875 0.130859375
0 0.2359375 0.5087890625 0.1125 0.091796875
0 0.2265625 0.451171875 0.075 0.046875
0 0.28984375 0.486328125 0.0484375 0.0625
0 0.3109375 0.4755859375 0.04375 0.056640625
1 0.69296875 0.4677734375 0.0265625 0.072265625
0 0.82734375 0.4541015625 0.1296875 0.076171875
0 0.51328125 0.447265625 0.0265625 0.03125
0 0.33828125 0.46875 0.0265625 0.05078125
0 0.35390625 0.45703125 0.0296875 0.0390625
0 0.36484375 0.4501953125 0.0328125 0.041015625
0 0.403125 0.4345703125 0.028125 0.025390625
0 0.3984375 0.4443359375 0.01875 0.025390625
