0 0.15078125 0.5205078125 0.1234375 0.087890625
0 0.22734375 0.5078125 0.0609375 0.0625
0 0.2703125 0.5009765625 0.059375 0.056640625
0 0.30546875 0.498046875 0.0453125 0.05078125
0 0.33046875 0.4970703125 0.0359375 0.048828125
0 0.3734375 0.4892578125 0.03125 0.033203125
0 0.43046875 0.484375 0.0296875 0.03125
0 0.35390625 0.4951171875 0.0421875 0.052734375
1 0.65859375 0.5341796875 0.0421875 0.126953125
2 0.66015625 0.572265625 0.0234375 0.078125
0 0.44765625 0.484375 0.0203125 0.0234375
0 0.4578125 0.4814453125 0.021875 0.025390625
