0 0.85390625 0.5126953125 0.1078125 0.091796875
0 0.97421875 0.5703125 0.0484375 0.1171875
0 0.6640625 0.5068359375 0.109375 0.126953125
0 0.596875 0.4853515625 0.046875 0.060546875
0 0.31875 0.486328125 0.084375 0.07421875
0 0.20234375 0.4970703125 0.1359375 0.162109375
0 0.0984375 0.541015625 0.15 0.1640625
0 0.02265625 0.55078125 0.0453125 0.2421875
0 0.3671875 0.4814453125 0.040625 0.056640625
0 0.4375 0.4638671875 0.0375 0.052734375
0 0.571875 0.4775390625 0.03125 0.041015625
0 0.4703125 0.462890625 0.025 0.02734375
0 0.546875 0.4658203125 0.025 0.025390625
0 0.35078125 0.486328125 0.0328125 0.0625
0 0.3890625 0.474609375 0.025 0.05078125
0 0.41640625 0.47265625 0.0265625 0.0390625
0 0.95546875 0.5078125 0.0734375 0.10546875
0 0.9015625 0.50390625 0.075 0.078125
