0 0.96875 0.4716796875 0.059375 0.064453125
0 0.91796875 0.4541015625 0.0359375 0.091796875
1 0.8859375 0.46875 0.034375 0.15625
0 0.846875 0.4453125 0.040625 0.0859375
1 0.765625 0.4443359375 0.025 0.103515625
1 0.74453125 0.4443359375 0.0265625 0.107421875
1 0.66484375 0.416015625 0.0203125 0.05859375
1 0.64375 0.416015625 0.01875 0.06640625
1 0.63046875 0.4169921875 0.0203125 0.064453125
1 0.61171875 0.423828125 0.0203125 0.06640625
1 0.60390625 0.427734375 0.0203125 0.05078125
1 0.584375 0.423828125 0.01875 0.05078125
1 0.5671875 0.4150390625 0.01875 0.033203125
1 0.55 0.4208984375 0.01875 0.044921875
1 0.521875 0.4296875 0.01875 0.0546875
0 0.44921875 0.4443359375 0.0328125 0.025390625
1 0.259375 0.443359375 0.01875 0.03515625
1 0.23984375 0.4365234375 0.0203125 0.044921875
1 0.225 0.4365234375 0.021875 0.052734375
1 0.2046875 0.4345703125 0.01875 0.052734375
1 0.18828125 0.4365234375 0.0203125 0.056640625
0 0.0671875 0.4912109375 0.134375 0.150390625
