0 0.55546875 0.4677734375 0.0671875 0.064453125
1 0.58984375 0.4638671875 0.0234375 0.072265625
1 0.61328125 0.4599609375 0.0234375 0.076171875
1 0.05234375 0.490234375 0.0296875 0.0859375
1 0.03359375 0.4951171875 0.0265625 0.091796875
1 0.94296875 0.513671875 0.0953125 0.328125
1 0.85859375 0.4921875 0.0609375 0.2109375
1 0.79296875 0.509765625 0.0671875 0.203125
1 0.66875 0.4345703125 0.01875 0.041015625
1 0.1515625 0.4794921875 0.015625 0.037109375
1 0.12890625 0.48828125 0.0203125 0.03515625
1 0.63203125 0.4609375 0.0234375 0.0703125
0 0.45546875 0.4609375 0.0359375 0.02734375
1 0.3875 0.4609375 0.0125 0.03125
1 0.36484375 0.458984375 0.0109375 0.02734375
