0 0.9578125 0.521484375 0.078125 0.2734375
0 0.8734375 0.521484375 0.1625 0.1796875
0 0.7984375 0.5078125 0.15 0.13671875
0 0.64765625 0.4931640625 0.0796875 0.134765625
0 0.5515625 0.4892578125 0.040625 0.083984375
0 0.54375 0.4599609375 0.203125 0.138671875
1 0.68984375 0.45703125 0.0484375 0.09765625
1 0.58828125 0.45703125 0.0515625 0.09375
0 0.07890625 0.404296875 0.1515625 0.08984375
0 0.1046875 0.4853515625 0.103125 0.091796875
0 0.0703125 0.4931640625 0.1375 0.115234375
0 0.0421875 0.5341796875 0.08125 0.130859375
0 0.42734375 0.4736328125 0.0671875 0.056640625
0 0.36015625 0.4697265625 0.0578125 0.052734375
0 0.375 0.4794921875 0.034375 0.041015625
0 0.3203125 0.4716796875 0.03125 0.037109375
