1 0.059375 0.6474609375 0.103125 0.294921875
2 0.04609375 0.7578125 0.0578125 0.16015625
0 0.096875 0.5625 0.184375 0.19140625
0 0.2203125 0.5234375 0.10625 0.1328125
0 0.2796875 0.4921875 0.103125 0.1015625
0 0.33828125 0.490234375 0.0484375 0.07421875
0 0.409375 0.455078125 0.05 0.04296875
0 0.4546875 0.4404296875 0.034375 0.037109375
0 0.5703125 0.4609375 0.046875 0.0390625
0 0.65546875 0.537109375 0.1171875 0.1171875
0 0.7734375 0.5712890625 0.20625 0.189453125
0 0.8671875 0.677734375 0.2625 0.296875
0 0.90234375 0.453125 0.0953125 0.03515625
0 0.7515625 0.4375 0.1 0.0546875
0 0.6859375 0.439453125 0.0375 0.046875
0 0.4953125 0.44140625 0.021875 0.02734375
