0 0.92421875 0.494140625 0.1484375 0.1328125
0 0.62421875 0.484375 0.0703125 0.09765625
0 0.45234375 0.47265625 0.0703125 0.0703125
0 0.3265625 0.44921875 0.059375 0.04296875
0 0.29453125 0.494140625 0.0984375 0.0703125
0 0.24921875 0.4638671875 0.0453125 0.052734375
0 0.18828125 0.498046875 0.1109375 0.1171875
0 0.11875 0.5341796875 0.15625 0.150390625
0 0.0296875 0.5341796875 0.053125 0.201171875
1 0.54765625 0.4814453125 0.0359375 0.099609375
1 0.5796875 0.4921875 0.040625 0.1171875
1 0.3515625 0.4736328125 0.01875 0.076171875
1 0.37265625 0.4736328125 0.0203125 0.072265625
0 0.7703125 0.548828125 0.25625 0.23828125
0 0.5015625 0.4619140625 0.025 0.025390625
0 0.52734375 0.46875 0.0265625 0.02734375
0 0.38515625 0.4638671875 0.0296875 0.064453125
0 0.40703125 0.4658203125 0.0203125 0.044921875
