1 0.8859375 0.505859375 0.028125 0.05859375
1 0.86640625 0.5048828125 0.0234375 0.068359375
1 0.81953125 0.515625 0.0234375 0.09375
1 0.5734375 0.517578125 0.021875 0.06640625
1 0.64296875 0.509765625 0.0234375 0.0625
0 0.35625 0.5185546875 0.08125 0.076171875
0 0.4171875 0.50390625 0.03125 0.03125
0 0.50625 0.5107421875 0.05625 0.072265625
0 0.50234375 0.53125 0.0515625 0.08203125
1 0.79296875 0.529296875 0.0234375 0.06640625
0 0.46484375 0.5498046875 0.1234375 0.126953125
1 0.28984375 0.4921875 0.0203125 0.03515625
