0 0.15546875 0.5029296875 0.1703125 0.162109375
0 0.2921875 0.46875 0.08125 0.0859375
0 0.3421875 0.46484375 0.034375 0.0390625
0 0.696875 0.4921875 0.053125 0.09375
0 0.7609375 0.4970703125 0.028125 0.099609375
0 0.62734375 0.48046875 0.0484375 0.08203125
2 0.984375 0.6298828125 0.028125 0.119140625
2 0.94375 0.58984375 0.0375 0.078125
1 0.953125 0.515625 0.05625 0.16015625
1 0.7375 0.4833984375 0.04375 0.130859375
1 0.6578125 0.4755859375 0.0375 0.115234375
2 0.73359375 0.541015625 0.0609375 0.08984375
2 0.65390625 0.52734375 0.0484375 0.0703125
1 0.59609375 0.474609375 0.0265625 0.07421875
1 0.57578125 0.466796875 0.0234375 0.0703125
2 0.59765625 0.515625 0.0203125 0.05078125
2 0.57421875 0.4990234375 0.0234375 0.037109375
2 0.0140625 0.537109375 0.028125 0.0703125
1 0.54375 0.4697265625 0.021875 0.068359375
1 0.51953125 0.46875 0.0203125 0.05859375
2 0.5421875 0.4921875 0.01875 0.03515625
