0 0.20078125 0.51171875 0.1515625 0.10546875
0 0.315625 0.48828125 0.08125 0.0703125
0 0.38671875 0.4736328125 0.0828125 0.076171875
0 0.6 0.490234375 0.04375 0.06640625
0 0.6515625 0.513671875 0.096875 0.1015625
0 0.84921875 0.62109375 0.2828125 0.26953125
0 0.93671875 0.763671875 0.1203125 0.33203125
1 0.53046875 0.4638671875 0.0171875 0.037109375
1 0.47109375 0.462890625 0.0140625 0.03515625
1 0.4390625 0.455078125 0.01875 0.03125
0 0.58203125 0.470703125 0.0453125 0.046875
0 0.65625 0.451171875 0.046875 0.02734375
0 0.74609375 0.48046875 0.0734375 0.0625
1 0.4609375 0.4619140625 0.01875 0.037109375
