1 0.89453125 0.4404296875 0.0234375 0.146484375
1 0.86875 0.443359375 0.028125 0.140625
1 0.83671875 0.4375 0.0296875 0.1328125
1 0.809375 0.451171875 0.025 0.1171875
1 0.7671875 0.44921875 0.021875 0.078125
1 0.7359375 0.4453125 0.025 0.08984375
1 0.7125 0.453125 0.028125 0.09375
1 0.67421875 0.4521484375 0.0234375 0.072265625
1 0.66171875 0.4599609375 0.0203125 0.052734375
1 0.57421875 0.4658203125 0.0234375 0.076171875
0 0.48046875 0.4912109375 0.0359375 0.025390625
1 0.225 0.490234375 0.01875 0.0546875
1 0.20859375 0.4912109375 0.0203125 0.052734375
1 0.153125 0.484375 0.021875 0.0703125
1 0.1328125 0.484375 0.021875 0.07421875
1 0.06875 0.484375 0.021875 0.0859375
1 0.04296875 0.484375 0.0234375 0.0859375
