2 0.79765625 0.59375 0.1796875 0.12890625
0 0.08828125 0.6083984375 0.1765625 0.197265625
0 0.18984375 0.5517578125 0.1234375 0.130859375
0 0.30390625 0.5107421875 0.1046875 0.083984375
0 0.37265625 0.470703125 0.0609375 0.05859375
0 0.58125 0.4609375 0.04375 0.0390625
0 0.615625 0.4931640625 0.06875 0.072265625
0 0.678125 0.5234375 0.1 0.09765625
0 0.771875 0.4833984375 0.06875 0.076171875
0 0.85234375 0.50390625 0.1453125 0.08984375
0 0.40859375 0.470703125 0.0203125 0.03515625
0 0.415625 0.462890625 0.028125 0.0390625
0 0.3640625 0.4873046875 0.0375 0.056640625
0 0.4359375 0.45703125 0.01875 0.03125
0 0.45078125 0.4521484375 0.0234375 0.033203125
