0 0.85703125 0.5986328125 0.1328125 0.185546875
0 0.72421875 0.60546875 0.0546875 0.14453125
0 0.69296875 0.5263671875 0.1046875 0.154296875
0 0.625 0.48046875 0.071875 0.08203125
0 0.85859375 0.4990234375 0.1703125 0.083984375
0 0.41640625 0.4677734375 0.0453125 0.064453125
0 0.35625 0.4931640625 0.078125 0.068359375
0 0.20703125 0.5107421875 0.1484375 0.083984375
0 0.23984375 0.5322265625 0.1515625 0.107421875
1 0.7609375 0.60546875 0.084375 0.2890625
1 0.25703125 0.6259765625 0.0828125 0.275390625
2 0.26015625 0.701171875 0.0328125 0.1328125
0 0.45 0.4560546875 0.025 0.037109375
0 0.48828125 0.4580078125 0.0484375 0.033203125
