1 0.98984375 0.451171875 0.0171875 0.07421875
1 0.90859375 0.4130859375 0.0140625 0.044921875
1 0.8890625 0.41015625 0.01875 0.046875
1 0.87734375 0.4462890625 0.0203125 0.083984375
1 0.853125 0.44140625 0.021875 0.06640625
1 0.8359375 0.435546875 0.01875 0.0625
1 0.8125 0.4140625 0.0125 0.03515625
1 0.80546875 0.43359375 0.0203125 0.0546875
1 0.7859375 0.4345703125 0.01875 0.056640625
1 0.75390625 0.43359375 0.0203125 0.05078125
1 0.6875 0.4580078125 0.021875 0.083984375
1 0.66875 0.4443359375 0.015625 0.056640625
1 0.65078125 0.44921875 0.0171875 0.05078125
0 0.590625 0.4931640625 0.115625 0.099609375
0 0.515625 0.4677734375 0.053125 0.052734375
0 0.49296875 0.4541015625 0.0296875 0.044921875
0 0.4765625 0.44921875 0.021875 0.0390625
0 0.42734375 0.4716796875 0.0796875 0.091796875
0 0.35234375 0.462890625 0.0578125 0.05859375
0 0.31640625 0.4658203125 0.0234375 0.056640625
0 0.29453125 0.470703125 0.0328125 0.04296875
0 0.26015625 0.484375 0.0421875 0.0546875
0 0.19765625 0.48828125 0.0828125 0.078125
0 0.08125 0.5458984375 0.1625 0.201171875
1 0.57734375 0.427734375 0.0140625 0.0234375
