1 0.809375 0.5048828125 0.01875 0.064453125
1 0.83359375 0.5009765625 0.0265625 0.076171875
2 0.78359375 0.576171875 0.1265625 0.09375
1 0.04375 0.5283203125 0.021875 0.103515625
1 0.06640625 0.5244140625 0.0234375 0.107421875
1 0.25390625 0.5029296875 0.0203125 0.029296875
0 0.3015625 0.521484375 0.0625 0.05859375
0 0.34453125 0.5166015625 0.0359375 0.041015625
0 0.428125 0.51171875 0.05 0.046875
0 0.5125 0.5634765625 0.159375 0.158203125
1 0.57265625 0.501953125 0.0203125 0.0546875
1 0.70234375 0.5068359375 0.0203125 0.072265625
1 0.6703125 0.494140625 0.021875 0.03515625
