1 0.06796875 0.5 0.0265625 0.05859375
1 0.0890625 0.5107421875 0.028125 0.095703125
1 0.6828125 0.53515625 0.046875 0.11328125
1 0.8203125 0.49609375 0.03125 0.08203125
1 0.84453125 0.50390625 0.0296875 0.07421875
1 0.925 0.4931640625 0.025 0.052734375
1 0.9484375 0.5009765625 0.03125 0.044921875
0 0.54375 0.66015625 0.3375 0.33984375
0 0.3921875 0.5009765625 0.05625 0.060546875
1 0.671875 0.4921875 0.015625 0.0390625
1 0.44765625 0.501953125 0.0328125 0.05078125
1 0.25390625 0.5048828125 0.0140625 0.060546875
1 0.26484375 0.50390625 0.0140625 0.0703125
1 0.328125 0.4833984375 0.015625 0.025390625
1 0.634375 0.4892578125 0.01875 0.033203125
