0 0.80859375 0.4599609375 0.0609375 0.076171875
0 0.8296875 0.4736328125 0.025 0.072265625
0 0.92578125 0.4482421875 0.1453125 0.146484375
0 0.94921875 0.4912109375 0.0984375 0.115234375
1 0.640625 0.46484375 0.025 0.09765625
1 0.62265625 0.462890625 0.0296875 0.09765625
1 0.7515625 0.474609375 0.0375 0.16015625
1 0.43125 0.4697265625 0.028125 0.076171875
1 0.5515625 0.458984375 0.01875 0.05078125
1 0.46640625 0.45703125 0.0203125 0.0390625
1 0.1703125 0.478515625 0.021875 0.04296875
1 0.11328125 0.494140625 0.0203125 0.0625
1 0.12890625 0.4853515625 0.0203125 0.029296875
