0 0.1109375 0.583984375 0.14375 0.12109375
0 0.2140625 0.5537109375 0.084375 0.076171875
0 0.25234375 0.5361328125 0.0609375 0.076171875
0 0.2984375 0.5244140625 0.05625 0.064453125
0 0.55 0.5634765625 0.090625 0.103515625
0 0.57265625 0.59765625 0.1265625 0.12890625
1 0.771875 0.607421875 0.065625 0.17578125
3 0.8671875 0.677734375 0.04375 0.06640625
0 0.090625 0.533203125 0.071875 0.0703125
0 0.475 0.529296875 0.040625 0.0390625
0 0.49375 0.546875 0.034375 0.0625
1 0.37265625 0.5107421875 0.0171875 0.037109375
