1 0.91953125 0.41015625 0.0140625 0.0546875
1 0.90234375 0.3955078125 0.0109375 0.025390625
1 0.8859375 0.421875 0.0125 0.0546875
1 0.85078125 0.41796875 0.0140625 0.04296875
1 0.8390625 0.41796875 0.015625 0.046875
1 0.80390625 0.431640625 0.0234375 0.0625
1 0.78515625 0.4345703125 0.0203125 0.056640625
1 0.7578125 0.4013671875 0.0125 0.044921875
1 0.72734375 0.412109375 0.0171875 0.04296875
1 0.74609375 0.4267578125 0.0140625 0.021484375
1 0.75625 0.482421875 0.028125 0.10546875
1 0.7296875 0.4853515625 0.025 0.091796875
1 0.71171875 0.4501953125 0.0140625 0.068359375
1 0.69453125 0.466796875 0.0203125 0.078125
1 0.68125 0.423828125 0.0125 0.01953125
1 0.675 0.47265625 0.021875 0.08203125
1 0.6625 0.41796875 0.0125 0.02734375
1 0.65390625 0.4140625 0.0109375 0.01953125
1 0.64453125 0.41796875 0.0109375 0.0234375
1 0.6578125 0.4560546875 0.0125 0.052734375
1 0.6375 0.4677734375 0.03125 0.076171875
1 0.634375 0.412109375 0.009375 0.0234375
1 0.625 0.4091796875 0.015625 0.025390625
1 0.5984375 0.41015625 0.009375 0.03515625
1 0.58671875 0.412109375 0.0109375 0.03515625
1 0.575 0.4248046875 0.009375 0.044921875
1 0.55546875 0.4248046875 0.0109375 0.044921875
1 0.53828125 0.42578125 0.0109375 0.0390625
0 0.4546875 0.4033203125 0.021875 0.017578125
0 0.4625 0.412109375 0.025 0.02734375
0 0.4765625 0.4267578125 0.028125 0.033203125
0 0.49765625 0.44140625 0.0515625 0.05078125
0 0.5125 0.50390625 0.1 0.109375
0 0.4375 0.40234375 0.015625 0.01953125
0 0.43125 0.4326171875 0.05 0.060546875
0 0.39140625 0.412109375 0.0234375 0.0234375
0 0.3703125 0.43359375 0.04375 0.046875
0 0.33671875 0.453125 0.0640625 0.0703125
0 0.29375 0.45703125 0.025 0.0546875
0 0.2609375 0.4619140625 0.05625 0.060546875
0 0.4140625 0.46875 0.071875 0.0703125
1 0.13984375 0.451171875 0.0171875 0.046875
1 0.12890625 0.451171875 0.0140625 0.046875
0 0.1640625 0.533203125 0.171875 0.140625
1 0.8828125 0.4873046875 0.028125 0.107421875
