0 0.92890625 0.4501953125 0.0453125 0.111328125
1 0.89140625 0.4716796875 0.0296875 0.189453125
1 0.871875 0.4326171875 0.01875 0.060546875
1 0.8484375 0.4560546875 0.040625 0.111328125
1 0.79609375 0.4638671875 0.0140625 0.103515625
1 0.76484375 0.4990234375 0.0265625 0.169921875
1 0.65859375 0.458984375 0.0296875 0.09765625
1 0.59375 0.47265625 0.03125 0.09765625
0 0.453125 0.4677734375 0.028125 0.029296875
0 0.446875 0.455078125 0.015625 0.015625
0 0.42734375 0.453125 0.0109375 0.015625
0 0.403125 0.458984375 0.015625 0.01953125
0 0.36875 0.46484375 0.0125 0.01953125
0 0.35625 0.470703125 0.0125 0.01953125
0 0.346875 0.47265625 0.0125 0.01953125
0 0.3375 0.47265625 0.0125 0.01953125
0 0.325 0.47265625 0.01875 0.03125
0 0.28125 0.4814453125 0.075 0.072265625
