0 0.61875 0.4677734375 0.084375 0.087890625
0 0.5671875 0.455078125 0.040625 0.06640625
0 0.53984375 0.4521484375 0.0203125 0.044921875
0 0.5265625 0.4462890625 0.025 0.037109375
0 0.51015625 0.4443359375 0.0203125 0.033203125
0 0.4921875 0.4443359375 0.015625 0.017578125
0 0.46328125 0.4443359375 0.0265625 0.029296875
0 0.446875 0.4443359375 0.01875 0.017578125
0 0.3421875 0.462890625 0.05625 0.07421875
0 0.278125 0.4697265625 0.1 0.091796875
1 0.11875 0.4697265625 0.034375 0.138671875
2 0.159375 0.5087890625 0.040625 0.068359375
2 0.08125 0.5078125 0.04375 0.0625
