1 0.57734375 0.51171875 0.0203125 0.08984375
1 0.60078125 0.501953125 0.0203125 0.078125
1 0.6265625 0.5146484375 0.04375 0.130859375
0 0.08828125 0.564453125 0.1734375 0.23828125
0 0.20234375 0.5458984375 0.1171875 0.146484375
0 0.2796875 0.53515625 0.103125 0.1015625
0 0.3375 0.4892578125 0.0625 0.060546875
0 0.37421875 0.51171875 0.0734375 0.06640625
0 0.41796875 0.5068359375 0.0296875 0.052734375
0 0.45 0.5009765625 0.040625 0.041015625
0 0.75 0.5400390625 0.1375 0.154296875
0 0.7953125 0.5703125 0.1875 0.1484375
1 0.4421875 0.47265625 0.015625 0.01953125
0 0.47890625 0.490234375 0.0234375 0.03515625
0 0.50234375 0.484375 0.0234375 0.0234375
0 0.678125 0.5244140625 0.046875 0.107421875
