0 0.7234375 0.53515625 0.15625 0.15234375
0 0.86484375 0.62890625 0.2671875 0.36328125
1 0.515625 0.4677734375 0.025 0.068359375
1 0.49921875 0.4697265625 0.0234375 0.056640625
1 0.35390625 0.478515625 0.0328125 0.08984375
1 0.0875 0.474609375 0.034375 0.1328125
1 0.04453125 0.470703125 0.0265625 0.140625
1 0.31328125 0.4560546875 0.0203125 0.056640625
1 0.12109375 0.462890625 0.0359375 0.1015625
1 0.7203125 0.4501953125 0.021875 0.033203125
0 0.44140625 0.458984375 0.0671875 0.0390625
2 0.290625 0.4951171875 0.028125 0.041015625
2 0.22734375 0.4970703125 0.0296875 0.068359375
2 0.12734375 0.5146484375 0.0453125 0.041015625
1 0.76640625 0.455078125 0.0203125 0.03125
1 0.78359375 0.462890625 0.0234375 0.03515625
1 0.85625 0.4404296875 0.021875 0.025390625
