0 0.91875 0.5947265625 0.159375 0.212890625
0 0.78828125 0.5849609375 0.1421875 0.107421875
0 0.6890625 0.5712890625 0.0625 0.080078125
0 0.6484375 0.5673828125 0.021875 0.060546875
0 0.63203125 0.564453125 0.0203125 0.05859375
0 0.6109375 0.5595703125 0.028125 0.056640625
0 0.5671875 0.541015625 0.0375 0.0390625
0 0.5390625 0.53515625 0.025 0.03515625
0 0.4234375 0.529296875 0.0375 0.03515625
0 0.4109375 0.5458984375 0.028125 0.044921875
0 0.36015625 0.5537109375 0.0765625 0.087890625
0 0.1125 0.611328125 0.225 0.21875
