0 0.9078125 0.6337890625 0.18125 0.212890625
0 0.790625 0.546875 0.171875 0.15625
0 0.68125 0.50390625 0.08125 0.0859375
0 0.65625 0.48828125 0.065625 0.0703125
0 0.63203125 0.4765625 0.0515625 0.0625
0 0.615625 0.4716796875 0.053125 0.068359375
0 0.5703125 0.453125 0.034375 0.03515625
1 0.52578125 0.4501953125 0.0140625 0.037109375
1 0.31875 0.4560546875 0.01875 0.044921875
1 0.33671875 0.455078125 0.0140625 0.046875
1 0.34765625 0.455078125 0.0140625 0.046875
1 0.40390625 0.447265625 0.0109375 0.03515625
1 0.4125 0.4453125 0.0125 0.0390625
0 0.50078125 0.4462890625 0.0234375 0.025390625
0 0.79296875 0.4521484375 0.0296875 0.033203125
