1 0.98203125 0.51171875 0.0296875 0.1640625
1 0.94453125 0.5166015625 0.0296875 0.154296875
1 0.90390625 0.5166015625 0.0328125 0.150390625
1 0.8734375 0.490234375 0.021875 0.09765625
1 0.83046875 0.4833984375 0.0234375 0.083984375
1 0.79921875 0.48046875 0.0203125 0.0859375
1 0.7671875 0.47265625 0.01875 0.06640625
1 0.75234375 0.4794921875 0.0140625 0.048828125
2 0.75234375 0.5263671875 0.0296875 0.041015625
1 0.69140625 0.4619140625 0.0203125 0.052734375
1 0.65859375 0.455078125 0.0171875 0.046875
1 0.64609375 0.4541015625 0.0109375 0.041015625
1 0.63046875 0.45703125 0.0109375 0.0390625
0 0.45625 0.4716796875 0.0625 0.064453125
0 0.23515625 0.4560546875 0.0609375 0.052734375
