0 0.09921875 0.66796875 0.1921875 0.29296875
0 0.03359375 0.4921875 0.0671875 0.0703125
0 0.0984375 0.466796875 0.16875 0.10546875
0 0.215625 0.4677734375 0.084375 0.052734375
1 0.2703125 0.486328125 0.025 0.08203125
0 0.49296875 0.4365234375 0.0265625 0.025390625
0 0.57734375 0.4794921875 0.0484375 0.052734375
0 0.64453125 0.501953125 0.1046875 0.09375
0 0.68046875 0.5556640625 0.1609375 0.150390625
0 0.8203125 0.623046875 0.278125 0.2265625
0 0.3296875 0.458984375 0.05625 0.03515625
0 0.43671875 0.4482421875 0.0296875 0.025390625
0 0.5453125 0.4580078125 0.03125 0.037109375
0 0.2390625 0.447265625 0.05 0.03515625
