0 0.9078125 0.61328125 0.18125 0.3359375
1 0.11171875 0.4619140625 0.0359375 0.126953125
1 0.1484375 0.4716796875 0.040625 0.095703125
1 0.3609375 0.4521484375 0.021875 0.056640625
1 0.3796875 0.453125 0.01875 0.05078125
1 0.346875 0.455078125 0.01875 0.0625
0 0.64375 0.482421875 0.08125 0.078125
1 0.56875 0.4560546875 0.01875 0.033203125
1 0.55546875 0.455078125 0.0140625 0.03515625
1 0.546875 0.455078125 0.0125 0.03515625
1 0.7078125 0.4677734375 0.021875 0.056640625
1 0.4984375 0.455078125 0.015625 0.03515625
1 0.31953125 0.4501953125 0.0203125 0.056640625
1 0.28125 0.423828125 0.01875 0.03125
