0 0.61328125 0.5205078125 0.0828125 0.091796875
0 0.32578125 0.525390625 0.0953125 0.078125
1 0.88046875 0.513671875 0.0421875 0.1171875
1 0.94609375 0.5234375 0.0296875 0.12109375
1 0.9703125 0.5205078125 0.034375 0.130859375
1 0.09375 0.505859375 0.025 0.08203125
1 0.059375 0.494140625 0.025 0.05078125
1 0.03046875 0.4921875 0.0234375 0.0546875
1 0.20703125 0.4951171875 0.0203125 0.052734375
1 0.25390625 0.498046875 0.0234375 0.05859375
0 0.5453125 0.4990234375 0.021875 0.025390625
1 0.11328125 0.4833984375 0.0234375 0.037109375
