1 0.85546875 0.6591796875 0.0953125 0.244140625
1 0.609375 0.494140625 0.028125 0.1015625
1 0.54375 0.494140625 0.034375 0.10546875
0 0.91953125 0.625 0.1578125 0.2578125
0 0.78828125 0.5419921875 0.1078125 0.095703125
0 0.7390625 0.521484375 0.09375 0.07421875
0 0.7015625 0.5029296875 0.053125 0.068359375
0 0.4421875 0.4873046875 0.04375 0.064453125
0 0.415625 0.501953125 0.0375 0.0859375
0 0.34296875 0.5263671875 0.1453125 0.158203125
0 0.2484375 0.583984375 0.165625 0.17578125
0 0.10859375 0.6796875 0.2171875 0.296875
0 0.46640625 0.478515625 0.0265625 0.046875
1 0.46875 0.44921875 0.01875 0.03515625
1 0.52265625 0.4521484375 0.0203125 0.033203125
0 0.4984375 0.455078125 0.03125 0.03515625
0 0.690625 0.5 0.065625 0.0625
0 0.671875 0.490234375 0.053125 0.0625
2 0.5390625 0.52734375 0.01875 0.05859375
