0 0.9484375 0.552734375 0.1 0.19140625
1 0.8859375 0.5478515625 0.05625 0.224609375
0 0.7421875 0.4921875 0.053125 0.078125
0 0.6640625 0.52734375 0.1375 0.140625
0 0.553125 0.4677734375 0.0375 0.041015625
0 0.5046875 0.4658203125 0.040625 0.044921875
0 0.38984375 0.4794921875 0.0953125 0.099609375
0 0.3234375 0.4765625 0.065625 0.08203125
0 0.29765625 0.490234375 0.0578125 0.07421875
0 0.24375 0.4951171875 0.078125 0.095703125
0 0.1453125 0.505859375 0.165625 0.1484375
1 0.459375 0.45703125 0.0125 0.03125
0 0.60625 0.5009765625 0.05625 0.095703125
0 0.4453125 0.4599609375 0.028125 0.033203125
