1 0.93046875 0.51171875 0.0265625 0.13671875
1 0.9125 0.5185546875 0.028125 0.146484375
1 0.8875 0.5205078125 0.028125 0.134765625
1 0.8546875 0.5107421875 0.03125 0.107421875
1 0.83046875 0.51953125 0.0234375 0.125
1 0.78359375 0.51953125 0.0265625 0.1015625
1 0.75625 0.517578125 0.025 0.109375
1 0.02578125 0.517578125 0.0234375 0.09375
1 0.73671875 0.51171875 0.0171875 0.0859375
1 0.71484375 0.517578125 0.0296875 0.08984375
1 0.684375 0.49609375 0.015625 0.06640625
1 0.64453125 0.490234375 0.0140625 0.06640625
1 0.603125 0.478515625 0.0125 0.0625
1 0.58828125 0.4638671875 0.0140625 0.044921875
1 0.56875 0.4560546875 0.009375 0.037109375
1 0.55859375 0.45703125 0.0109375 0.0390625
1 0.965625 0.5126953125 0.040625 0.162109375
1 0.99296875 0.521484375 0.0109375 0.15625
0 0.453125 0.4619140625 0.071875 0.041015625
0 0.36171875 0.48828125 0.0390625 0.05078125
0 0.40234375 0.53515625 0.0734375 0.1171875
0 0.5 0.546875 0.16875 0.16796875
1 0.3296875 0.486328125 0.01875 0.0546875
0 0.30078125 0.4873046875 0.0421875 0.052734375
1 0.21953125 0.482421875 0.0109375 0.0546875
1 0.19453125 0.486328125 0.0140625 0.0546875
1 0.18046875 0.48828125 0.0171875 0.05859375
1 0.090625 0.4794921875 0.015625 0.044921875
1 0.08125 0.48046875 0.0125 0.03515625
0 0.0734375 0.517578125 0.078125 0.078125
1 0.6609375 0.4794921875 0.01875 0.044921875
0 0.4375 0.4296875 0.015625 0.01953125
1 0.62265625 0.4921875 0.0203125 0.0546875
1 0.80703125 0.5107421875 0.0234375 0.091796875
0 0.3828125 0.462890625 0.0375 0.03125
1 0.73671875 0.4541015625 0.0140625 0.029296875
