0 0.35625 0.5029296875 0.15625 0.150390625
0 0.18203125 0.4853515625 0.1453125 0.134765625
2 0.79296875 0.56640625 0.0578125 0.125
2 0.63046875 0.525390625 0.0671875 0.09375
1 0.63671875 0.4736328125 0.0546875 0.150390625
1 0.78359375 0.4794921875 0.0578125 0.201171875
1 0.86953125 0.470703125 0.0421875 0.15234375
1 0.90703125 0.4853515625 0.0484375 0.169921875
0 0.08125 0.4892578125 0.053125 0.052734375
0 0.03671875 0.49609375 0.0734375 0.0625
1 0.565625 0.4755859375 0.021875 0.044921875
1 0.5421875 0.482421875 0.01875 0.05859375
1 0.5296875 0.4814453125 0.021875 0.056640625
1 0.98359375 0.4921875 0.0296875 0.1796875
