0 0.19296875 0.4775390625 0.1734375 0.158203125
0 0.3125 0.47265625 0.0625 0.06640625
0 0.353125 0.4609375 0.028125 0.046875
0 0.68046875 0.482421875 0.0671875 0.09765625
0 0.98046875 0.51953125 0.0359375 0.1875
1 0.925 0.5185546875 0.10625 0.232421875
2 0.94921875 0.5986328125 0.0546875 0.138671875
2 0.903125 0.6015625 0.04375 0.08984375
2 0.80703125 0.552734375 0.0546875 0.1015625
2 0.7109375 0.537109375 0.0375 0.06640625
2 0.6453125 0.5234375 0.03125 0.0625
2 0.5953125 0.5068359375 0.025 0.064453125
1 0.80859375 0.4970703125 0.0734375 0.158203125
1 0.7140625 0.4990234375 0.0375 0.103515625
1 0.6453125 0.482421875 0.034375 0.09375
1 0.5953125 0.4765625 0.0375 0.09375
0 0.56875 0.4677734375 0.034375 0.064453125
