1 0.7734375 0.544921875 0.115625 0.31640625
0 0.7 0.5029296875 0.071875 0.083984375
0 0.6515625 0.4921875 0.053125 0.06640625
0 0.53671875 0.4658203125 0.0234375 0.025390625
0 0.51796875 0.4609375 0.0203125 0.02734375
0 0.475 0.455078125 0.021875 0.0234375
0 0.421875 0.4599609375 0.01875 0.029296875
0 0.39140625 0.462890625 0.0484375 0.0625
1 0.30078125 0.4697265625 0.0203125 0.076171875
1 0.2828125 0.4716796875 0.01875 0.083984375
0 0.128125 0.4736328125 0.25625 0.119140625
1 0.0109375 0.4326171875 0.01875 0.033203125
