0 0.07734375 0.494140625 0.1515625 0.23046875
1 0.08828125 0.3828125 0.0359375 0.046875
1 0.1265625 0.3984375 0.0375 0.11328125
0 0.2421875 0.427734375 0.06875 0.0625
0 0.19296875 0.431640625 0.0546875 0.078125
0 0.3171875 0.421875 0.046875 0.046875
0 0.50703125 0.4423828125 0.0765625 0.068359375
0 0.54453125 0.4697265625 0.1078125 0.103515625
0 0.87890625 0.47265625 0.2359375 0.078125
0 0.4265625 0.4287109375 0.025 0.025390625
1 0.40625 0.4248046875 0.015625 0.037109375
0 0.1609375 0.4365234375 0.046875 0.087890625
0 0.27890625 0.4267578125 0.0328125 0.060546875
0 0.3484375 0.4248046875 0.028125 0.037109375
0 0.36953125 0.42578125 0.0203125 0.03125
1 0.45234375 0.427734375 0.0140625 0.03515625
1 0.3921875 0.421875 0.01875 0.0390625
0 0.86171875 0.5478515625 0.2046875 0.076171875
0 0.946875 0.42578125 0.103125 0.04296875
