0 0.1046875 0.5146484375 0.159375 0.146484375
0 0.04140625 0.55078125 0.0828125 0.14453125
0 0.26171875 0.4990234375 0.0953125 0.076171875
0 0.30546875 0.4794921875 0.0671875 0.064453125
1 0.37890625 0.4716796875 0.0203125 0.060546875
0 0.83984375 0.51171875 0.1546875 0.1640625
0 0.8078125 0.455078125 0.084375 0.0703125
0 0.72265625 0.455078125 0.0953125 0.06640625
0 0.49140625 0.4609375 0.0328125 0.03125
0 0.33828125 0.4775390625 0.0265625 0.060546875
0 0.3578125 0.4755859375 0.034375 0.044921875
0 0.4015625 0.4697265625 0.034375 0.033203125
1 0.4421875 0.4619140625 0.01875 0.041015625
1 0.5171875 0.45703125 0.0125 0.03125
1 0.52578125 0.458984375 0.0109375 0.03515625
0 0.53828125 0.4599609375 0.0234375 0.029296875
0 0.6484375 0.4619140625 0.04375 0.052734375
