0 0.97265625 0.44140625 0.0515625 0.12109375
0 0.92265625 0.4287109375 0.0484375 0.025390625
0 0.8796875 0.4111328125 0.128125 0.037109375
0 0.8859375 0.482421875 0.11875 0.09765625
1 0.80859375 0.4833984375 0.0390625 0.154296875
0 0.7484375 0.453125 0.04375 0.03515625
0 0.7609375 0.48046875 0.059375 0.09765625
0 0.69375 0.4462890625 0.05625 0.060546875
1 0.58203125 0.4443359375 0.0203125 0.052734375
1 0.56953125 0.4287109375 0.0203125 0.044921875
1 0.54921875 0.423828125 0.0140625 0.05078125
1 0.534375 0.4267578125 0.01875 0.041015625
0 0.40390625 0.4345703125 0.0421875 0.025390625
0 0.409375 0.466796875 0.059375 0.05859375
0 0.334375 0.4287109375 0.040625 0.025390625
0 0.315625 0.4716796875 0.09375 0.087890625
0 0.203125 0.478515625 0.08125 0.078125
