1 0.06484375 0.4912109375 0.0265625 0.091796875
0 0.028125 0.4970703125 0.053125 0.083984375
1 0.103125 0.490234375 0.025 0.08984375
1 0.23203125 0.4736328125 0.0234375 0.056640625
1 0.7 0.4765625 0.01875 0.0546875
1 0.7484375 0.46875 0.03125 0.07421875
1 0.82421875 0.5048828125 0.0296875 0.126953125
1 0.77734375 0.5498046875 0.0734375 0.271484375
2 0.7828125 0.6357421875 0.0375 0.158203125
0 0.49609375 0.4677734375 0.0453125 0.037109375
0 0.45703125 0.4814453125 0.0484375 0.052734375
0 0.41328125 0.4775390625 0.0234375 0.029296875
0 0.38203125 0.4814453125 0.0359375 0.041015625
1 0.29609375 0.458984375 0.0171875 0.02734375
1 0.2484375 0.4736328125 0.021875 0.064453125
1 0.66484375 0.470703125 0.0171875 0.046875
1 0.67734375 0.4736328125 0.0140625 0.048828125
