0 0.190625 0.48046875 0.096875 0.09375
0 0.2546875 0.4775390625 0.053125 0.068359375
0 0.41171875 0.4638671875 0.0328125 0.037109375
0 0.2921875 0.4677734375 0.021875 0.056640625
1 0.61953125 0.48828125 0.0453125 0.12109375
1 0.590625 0.478515625 0.0375 0.12890625
1 0.6625 0.4296875 0.03125 0.0390625
1 0.70625 0.4482421875 0.028125 0.076171875
1 0.74140625 0.4716796875 0.0296875 0.123046875
1 0.77734375 0.466796875 0.0328125 0.125
1 0.84375 0.4677734375 0.034375 0.138671875
1 0.87421875 0.47265625 0.0234375 0.1328125
1 0.89921875 0.466796875 0.0328125 0.13671875
0 0.371875 0.466796875 0.03125 0.02734375
