1 0.953125 0.435546875 0.01875 0.0390625
1 0.92421875 0.4765625 0.0203125 0.03515625
1 0.9140625 0.451171875 0.021875 0.03515625
1 0.88671875 0.47265625 0.0203125 0.03515625
1 0.871875 0.48046875 0.01875 0.0546875
1 0.98125 0.4794921875 0.034375 0.041015625
1 0.81640625 0.4775390625 0.0171875 0.037109375
1 0.79140625 0.4716796875 0.0203125 0.052734375
1 0.76953125 0.4755859375 0.0203125 0.056640625
1 0.7546875 0.47265625 0.01875 0.0625
0 0.6375 0.4677734375 0.025 0.025390625
0 0.59375 0.4609375 0.028125 0.02734375
0 0.49609375 0.484375 0.0796875 0.08203125
3 0.83046875 0.4970703125 0.0171875 0.021484375
