0 0.63125 0.4560546875 0.103125 0.107421875
0 0.58359375 0.4462890625 0.0328125 0.064453125
0 0.56875 0.4287109375 0.025 0.044921875
0 0.54609375 0.421875 0.0234375 0.03515625
0 0.5046875 0.443359375 0.071875 0.0703125
0 0.46640625 0.4267578125 0.0203125 0.025390625
0 0.44609375 0.4326171875 0.0234375 0.029296875
0 0.40625 0.4443359375 0.034375 0.044921875
0 0.37109375 0.455078125 0.0515625 0.05859375
0 0.3140625 0.4677734375 0.059375 0.072265625
0 0.26640625 0.4853515625 0.0703125 0.091796875
0 0.16796875 0.509765625 0.1640625 0.15625
