1 0.93359375 0.3349609375 0.0265625 0.037109375
1 0.4 0.4814453125 0.021875 0.072265625
0 0.36640625 0.4619140625 0.0515625 0.044921875
0 0.34921875 0.4970703125 0.0671875 0.072265625
0 0.30859375 0.5107421875 0.0703125 0.083984375
0 0.27109375 0.53125 0.0609375 0.1171875
0 0.1421875 0.5546875 0.209375 0.2109375
0 0.63515625 0.49609375 0.0734375 0.07421875
0 0.69140625 0.537109375 0.1078125 0.1328125
0 0.87734375 0.68359375 0.2421875 0.29296875
0 0.59765625 0.474609375 0.0515625 0.05859375
0 0.4140625 0.466796875 0.025 0.04296875
0 0.42734375 0.4599609375 0.0265625 0.041015625
0 0.44375 0.458984375 0.01875 0.02734375
0 0.565625 0.453125 0.028125 0.0390625
0 0.578125 0.4638671875 0.03125 0.041015625
1 0.53515625 0.4453125 0.0203125 0.0390625
