1 0.50234375 0.46875 0.0203125 0.06640625
1 0.4859375 0.4697265625 0.028125 0.068359375
1 0.51484375 0.546875 0.0609375 0.11328125
1 0.59609375 0.4833984375 0.0265625 0.091796875
1 0.6265625 0.552734375 0.0625 0.1953125
0 0.6796875 0.4775390625 0.090625 0.072265625
1 0.71953125 0.49609375 0.0328125 0.1171875
2 0.75859375 0.5810546875 0.0359375 0.130859375
1 0.75859375 0.533203125 0.0609375 0.1953125
1 0.79453125 0.5107421875 0.0359375 0.162109375
1 0.846875 0.517578125 0.05625 0.171875
1 0.89140625 0.529296875 0.0671875 0.22265625
1 0.95546875 0.5322265625 0.0671875 0.216796875
0 0.42265625 0.48046875 0.0671875 0.0625
1 0.209375 0.451171875 0.0125 0.03515625
1 0.21953125 0.4501953125 0.0109375 0.029296875
1 0.31875 0.4521484375 0.01875 0.033203125
1 0.52109375 0.46484375 0.0234375 0.0625
