1 0.4328125 0.4453125 0.028125 0.06640625
1 0.490625 0.4482421875 0.021875 0.064453125
0 0.603125 0.4853515625 0.10625 0.107421875
0 0.51875 0.4609375 0.034375 0.05078125
0 0.32734375 0.453125 0.0359375 0.0546875
0 0.34921875 0.4482421875 0.0296875 0.041015625
0 0.296875 0.4638671875 0.06875 0.064453125
0 0.565625 0.4658203125 0.05 0.083984375
0 0.37578125 0.435546875 0.0234375 0.03515625
0 0.3875 0.4306640625 0.021875 0.029296875
0 0.47578125 0.4384765625 0.0203125 0.029296875
2 0.4890625 0.47265625 0.021875 0.0390625
2 0.4328125 0.4638671875 0.021875 0.037109375
