0 0.18515625 0.4404296875 0.0921875 0.091796875
0 0.24296875 0.4267578125 0.0515625 0.060546875
0 0.2875 0.4365234375 0.059375 0.056640625
0 0.4515625 0.451171875 0.059375 0.06640625
0 0.60078125 0.46875 0.0640625 0.07421875
0 0.28046875 0.533203125 0.1859375 0.15234375
1 0.8859375 0.462890625 0.046875 0.12109375
1 0.846875 0.4609375 0.034375 0.12890625
1 0.80625 0.462890625 0.046875 0.11328125
1 0.12109375 0.4443359375 0.0265625 0.083984375
1 0.084375 0.4453125 0.021875 0.07421875
0 0.42890625 0.4287109375 0.0453125 0.060546875
0 0.4046875 0.4267578125 0.025 0.037109375
0 0.33984375 0.4140625 0.0203125 0.0234375
0 0.675 0.4501953125 0.08125 0.041015625
0 0.71875 0.4345703125 0.046875 0.052734375
