0 0.934375 0.5498046875 0.128125 0.173828125
0 0.79140625 0.5390625 0.1546875 0.1484375
0 0.709375 0.5166015625 0.034375 0.056640625
0 0.65234375 0.4912109375 0.0421875 0.037109375
0 0.6109375 0.490234375 0.03125 0.03515625
0 0.58203125 0.490234375 0.0234375 0.03515625
0 0.55859375 0.4912109375 0.0265625 0.037109375
1 0.434375 0.4765625 0.01875 0.03515625
2 0.4359375 0.51171875 0.01875 0.03515625
1 0.4078125 0.4912109375 0.01875 0.056640625
1 0.21328125 0.4951171875 0.0203125 0.072265625
0 0.9828125 0.5849609375 0.03125 0.130859375
