0 0.034375 0.62109375 0.06875 0.23828125
0 0.13203125 0.5732421875 0.1859375 0.220703125
0 0.25390625 0.5322265625 0.0953125 0.107421875
0 0.2984375 0.50390625 0.08125 0.0859375
0 0.3625 0.4853515625 0.04375 0.052734375
0 0.37734375 0.4814453125 0.0453125 0.056640625
0 0.46640625 0.462890625 0.0453125 0.0546875
0 0.45 0.48046875 0.05625 0.046875
0 0.85859375 0.732421875 0.2796875 0.52734375
0 0.76328125 0.5810546875 0.1453125 0.193359375
0 0.70234375 0.560546875 0.0921875 0.1328125
0 0.66484375 0.521484375 0.0921875 0.09375
0 0.628125 0.5107421875 0.05 0.083984375
0 0.6046875 0.5009765625 0.046875 0.068359375
0 0.6625 0.4423828125 0.0625 0.029296875
0 0.57421875 0.474609375 0.0359375 0.0546875
0 0.51328125 0.4482421875 0.0296875 0.033203125
0 0.40234375 0.474609375 0.0265625 0.04296875
1 0.52734375 0.4677734375 0.0203125 0.052734375
1 0.95 0.4296875 0.021875 0.0390625
1 0.9359375 0.4296875 0.01875 0.03515625
