1 0.85859375 0.486328125 0.0390625 0.16796875
0 0.5890625 0.4736328125 0.125 0.115234375
0 0.51875 0.4638671875 0.05625 0.068359375
0 0.240625 0.4912109375 0.1375 0.099609375
0 0.0734375 0.45703125 0.04375 0.0390625
0 0.11875 0.49609375 0.109375 0.08984375
0 0.17890625 0.4697265625 0.0484375 0.041015625
0 0.48671875 0.46875 0.0203125 0.0390625
0 0.47265625 0.4638671875 0.0203125 0.037109375
0 0.45546875 0.458984375 0.0234375 0.03125
0 0.4328125 0.4580078125 0.015625 0.017578125
0 0.3921875 0.4609375 0.015625 0.015625
0 0.37890625 0.46484375 0.0203125 0.0234375
0 0.359375 0.4658203125 0.021875 0.025390625
0 0.33984375 0.46484375 0.0265625 0.03125
0 0.31953125 0.46875 0.0234375 0.0390625
0 0.01953125 0.4765625 0.0296875 0.0390625
