1 0.80859375 0.4306640625 0.0296875 0.103515625
2 0.840625 0.4658203125 0.028125 0.052734375
2 0.78359375 0.46875 0.0359375 0.046875
0 0.60546875 0.4091796875 0.0421875 0.076171875
2 0.54765625 0.470703125 0.0359375 0.05078125
1 0.5171875 0.439453125 0.021875 0.09375
1 0.49140625 0.4326171875 0.0265625 0.083984375
2 0.47109375 0.4765625 0.0390625 0.046875
0 0.47578125 0.419921875 0.0203125 0.03125
0 0.4578125 0.427734375 0.01875 0.02734375
0 0.425 0.400390625 0.015625 0.01953125
0 0.4484375 0.400390625 0.015625 0.01953125
0 0.4546875 0.4140625 0.015625 0.01953125
0 0.3890625 0.3916015625 0.015625 0.021484375
0 0.3796875 0.421875 0.025 0.04296875
0 0.3640625 0.431640625 0.021875 0.046875
0 0.32265625 0.4384765625 0.0890625 0.091796875
