2 0.19765625 0.71484375 0.0359375 0.13671875
1 0.7828125 0.6240234375 0.0875 0.310546875
1 0.203125 0.6181640625 0.09375 0.255859375
0 0.90078125 0.6630859375 0.1953125 0.228515625
0 0.7140625 0.556640625 0.06875 0.19140625
0 0.8265625 0.513671875 0.084375 0.09375
0 0.6484375 0.5029296875 0.096875 0.095703125
0 0.34375 0.5087890625 0.090625 0.083984375
0 0.4125 0.4736328125 0.046875 0.060546875
0 0.13046875 0.5244140625 0.1109375 0.103515625
0 0.43203125 0.466796875 0.0265625 0.046875
0 0.45 0.4599609375 0.025 0.044921875
0 0.4875 0.4638671875 0.05 0.037109375
0 0.51640625 0.4443359375 0.0234375 0.025390625
0 0.60390625 0.478515625 0.0296875 0.046875
0 0.9140625 0.51171875 0.1625 0.09375
0 0.14140625 0.5595703125 0.0796875 0.130859375
0 0.24375 0.5458984375 0.08125 0.107421875
0 0.3796875 0.490234375 0.046875 0.0625
