1 0.70625 0.4677734375 0.046875 0.130859375
1 0.6296875 0.46875 0.01875 0.08984375
1 0.6125 0.4638671875 0.025 0.099609375
1 0.1796875 0.4892578125 0.021875 0.083984375
1 0.16015625 0.494140625 0.0234375 0.0703125
1 0.44765625 0.4658203125 0.0203125 0.068359375
0 0.83125 0.470703125 0.025 0.0703125
0 0.80546875 0.4599609375 0.0515625 0.072265625
0 0.92578125 0.447265625 0.1453125 0.140625
0 0.95 0.48828125 0.096875 0.1171875
1 0.4625 0.45703125 0.015625 0.046875
1 0.47734375 0.45703125 0.0140625 0.0390625
1 0.12890625 0.4873046875 0.0171875 0.037109375
1 0.3625 0.45703125 0.0125 0.02734375
1 0.38046875 0.462890625 0.0109375 0.02734375
1 0.39765625 0.4609375 0.0109375 0.03515625
