1 0.33046875 0.470703125 0.0296875 0.08203125
0 0.7 0.5078125 0.109375 0.109375
0 0.875 0.65234375 0.240625 0.41796875
0 0.65546875 0.49609375 0.0359375 0.078125
0 0.65625 0.478515625 0.06875 0.07421875
0 0.6359375 0.4638671875 0.04375 0.056640625
2 0.0734375 0.525390625 0.05625 0.09375
2 0.28515625 0.5 0.0328125 0.06640625
2 0.2125 0.50390625 0.05 0.09375
1 0.39765625 0.4599609375 0.0171875 0.056640625
1 0.4265625 0.462890625 0.015625 0.046875
1 0.43828125 0.458984375 0.0140625 0.04296875
1 0.46640625 0.458984375 0.0140625 0.04296875
