1 0.70625 0.5146484375 0.028125 0.103515625
1 0.52421875 0.4560546875 0.0140625 0.041015625
0 0.90390625 0.5419921875 0.1890625 0.138671875
0 0.66796875 0.4814453125 0.0515625 0.064453125
0 0.653125 0.47265625 0.071875 0.0703125
0 0.4828125 0.4638671875 0.040625 0.048828125
0 0.3046875 0.482421875 0.03125 0.046875
0 0.2765625 0.490234375 0.06875 0.05859375
1 0.10234375 0.50390625 0.0296875 0.08203125
1 0.4078125 0.4521484375 0.009375 0.029296875
2 0.7703125 0.5244140625 0.05 0.060546875
0 0.46015625 0.462890625 0.0171875 0.03515625
0 0.328125 0.4697265625 0.01875 0.041015625
0 0.3421875 0.4638671875 0.01875 0.037109375
0 0.3609375 0.458984375 0.021875 0.02734375
