0 0.0484375 0.5078125 0.096875 0.21484375
0 0.175 0.4990234375 0.153125 0.154296875
0 0.29921875 0.484375 0.0953125 0.08203125
0 0.55 0.4873046875 0.04375 0.083984375
0 0.6015625 0.48828125 0.096875 0.1484375
0 0.70546875 0.5078125 0.2015625 0.23046875
0 0.85078125 0.578125 0.2953125 0.32421875
0 0.48125 0.4697265625 0.059375 0.056640625
0 0.42265625 0.46484375 0.0546875 0.05078125
0 0.546875 0.4736328125 0.0625 0.083984375
0 0.3484375 0.470703125 0.021875 0.03515625
0 0.3640625 0.4677734375 0.01875 0.029296875
0 0.378125 0.4658203125 0.01875 0.025390625
