2 0.54453125 0.5595703125 0.0734375 0.123046875
2 0.46796875 0.572265625 0.0703125 0.0859375
2 0.2765625 0.5517578125 0.05 0.115234375
2 0.2359375 0.56640625 0.03125 0.06640625
0 0.04140625 0.5048828125 0.0828125 0.119140625
1 0.25546875 0.501953125 0.0484375 0.18359375
1 0.5 0.4921875 0.06875 0.1953125
0 0.178125 0.48046875 0.090625 0.08984375
0 0.328125 0.4775390625 0.05625 0.068359375
0 0.55703125 0.4794921875 0.0734375 0.087890625
0 0.36171875 0.4716796875 0.0296875 0.044921875
0 0.2984375 0.486328125 0.046875 0.078125
