0 0.61015625 0.5107421875 0.0953125 0.091796875
0 0.565625 0.48046875 0.071875 0.0703125
0 0.5328125 0.4580078125 0.046875 0.044921875
0 0.45546875 0.447265625 0.0328125 0.03125
0 0.3078125 0.4912109375 0.065625 0.060546875
0 0.23046875 0.52734375 0.0734375 0.0859375
0 0.140625 0.5556640625 0.153125 0.138671875
0 0.12890625 0.48828125 0.0828125 0.05859375
0 0.0234375 0.6494140625 0.046875 0.138671875
2 0.7046875 0.71875 0.040625 0.17578125
1 0.69921875 0.630859375 0.0890625 0.2734375
0 0.73671875 0.4296875 0.0609375 0.0390625
0 0.7390625 0.486328125 0.05 0.08984375
0 0.3421875 0.46875 0.0375 0.05078125
0 0.3734375 0.466796875 0.03125 0.04296875
0 0.33515625 0.4755859375 0.0515625 0.044921875
