0 0.07734375 0.6015625 0.1515625 0.19140625
0 0.2484375 0.51953125 0.065625 0.12109375
0 0.1734375 0.5244140625 0.0375 0.126953125
1 0.2 0.5439453125 0.040625 0.146484375
2 0.2 0.583984375 0.046875 0.12109375
0 0.27421875 0.4892578125 0.0453125 0.072265625
0 0.328125 0.474609375 0.059375 0.0625
0 0.671875 0.47265625 0.10625 0.0625
0 0.93515625 0.53125 0.1234375 0.15625
0 0.78046875 0.5009765625 0.0609375 0.072265625
0 0.82734375 0.4921875 0.0234375 0.0625
0 0.3734375 0.4638671875 0.03125 0.052734375
0 0.39921875 0.4541015625 0.0296875 0.041015625
0 0.5828125 0.447265625 0.025 0.02734375
