0 0.059375 0.5517578125 0.115625 0.185546875
0 0.13828125 0.505859375 0.1328125 0.15625
0 0.24609375 0.4951171875 0.0578125 0.099609375
0 0.2953125 0.49609375 0.05625 0.08203125
0 0.33359375 0.48828125 0.0484375 0.0625
0 0.38828125 0.478515625 0.0453125 0.046875
0 0.77265625 0.4755859375 0.0921875 0.091796875
0 0.83125 0.48046875 0.075 0.09765625
0 0.909375 0.46875 0.1375 0.1171875
1 0.221875 0.5166015625 0.053125 0.158203125
1 0.43984375 0.470703125 0.0203125 0.05859375
0 0.4546875 0.4658203125 0.01875 0.033203125
0 0.4625 0.4599609375 0.021875 0.029296875
0 0.48203125 0.4599609375 0.0203125 0.025390625
0 0.57578125 0.4638671875 0.0328125 0.033203125
0 0.634375 0.4609375 0.021875 0.03515625
1 0.54921875 0.4560546875 0.0140625 0.041015625
1 0.53828125 0.45703125 0.0109375 0.03125
0 0.5296875 0.4580078125 0.01875 0.025390625
