0 0.0265625 0.5927734375 0.05 0.212890625
0 0.11171875 0.5517578125 0.2078125 0.181640625
0 0.2453125 0.4619140625 0.053125 0.056640625
0 0.36875 0.4609375 0.078125 0.05078125
0 0.621875 0.470703125 0.0375 0.04296875
0 0.5734375 0.4609375 0.034375 0.03515625
0 0.709375 0.498046875 0.0875 0.10546875
0 0.77421875 0.5498046875 0.1171875 0.126953125
0 0.8765625 0.5830078125 0.2375 0.197265625
0 0.95234375 0.66796875 0.0859375 0.2109375
1 0.75859375 0.474609375 0.0265625 0.0546875
1 0.71875 0.513671875 0.03125 0.11328125
0 0.2703125 0.45703125 0.046875 0.05859375
0 0.29921875 0.4609375 0.0296875 0.04296875
0 0.31015625 0.4541015625 0.0421875 0.052734375
0 0.43984375 0.4580078125 0.0328125 0.029296875
1 0.46015625 0.458984375 0.0171875 0.03125
0 0.5234375 0.45703125 0.021875 0.0234375
0 0.64609375 0.48828125 0.0421875 0.0546875
