1 0.315625 0.451171875 0.034375 0.1171875
1 0.3546875 0.44921875 0.03125 0.1171875
1 0.51875 0.4814453125 0.06875 0.201171875
1 0.5671875 0.4794921875 0.053125 0.201171875
1 0.6125 0.48046875 0.0375 0.19140625
1 0.65234375 0.4755859375 0.0671875 0.201171875
1 0.83125 0.513671875 0.078125 0.40234375
1 0.77265625 0.5087890625 0.0796875 0.408203125
1 0.90546875 0.5341796875 0.1703125 0.560546875
1 0.97578125 0.546875 0.0453125 0.48828125
0 0.2078125 0.462890625 0.06875 0.0703125
0 0.12734375 0.4501953125 0.0296875 0.033203125
0 0.0265625 0.455078125 0.046875 0.04296875
0 0.15625 0.447265625 0.025 0.02734375
