0 0.19765625 0.5517578125 0.1421875 0.123046875
0 0.2171875 0.4736328125 0.090625 0.052734375
0 0.27734375 0.51953125 0.0859375 0.078125
0 0.30625 0.5 0.0625 0.0625
0 0.340625 0.48828125 0.046875 0.046875
0 0.359375 0.4833984375 0.04375 0.041015625
0 0.3765625 0.470703125 0.04375 0.046875
1 0.784375 0.4814453125 0.03125 0.064453125
0 0.7046875 0.5400390625 0.196875 0.193359375
0 0.928125 0.4521484375 0.140625 0.044921875
0 0.9734375 0.580078125 0.05 0.10546875
0 0.61953125 0.517578125 0.0421875 0.0859375
0 0.5390625 0.4609375 0.03125 0.03125
0 0.525 0.458984375 0.01875 0.02734375
0 0.40390625 0.4658203125 0.0203125 0.033203125
0 0.4171875 0.466796875 0.021875 0.0234375
0 0.421875 0.4521484375 0.028125 0.033203125
