1 0.0234375 0.5068359375 0.03125 0.162109375
1 0.00703125 0.4990234375 0.0140625 0.169921875
0 0.15234375 0.5234375 0.2171875 0.140625
0 0.25546875 0.494140625 0.1078125 0.12109375
0 0.3203125 0.49609375 0.040625 0.0859375
0 0.340625 0.4755859375 0.0625 0.091796875
0 0.39140625 0.474609375 0.0453125 0.05859375
0 0.63046875 0.48828125 0.0671875 0.06640625
0 0.746875 0.4931640625 0.0625 0.072265625
0 0.81328125 0.505859375 0.0984375 0.09765625
0 0.8640625 0.505859375 0.1125 0.11328125
0 0.41640625 0.4697265625 0.0265625 0.044921875
0 0.43125 0.4677734375 0.021875 0.037109375
0 0.446875 0.46875 0.01875 0.03125
0 0.45859375 0.458984375 0.0296875 0.0390625
0 0.5515625 0.458984375 0.021875 0.0234375
0 0.56875 0.470703125 0.021875 0.03515625
0 0.58828125 0.4716796875 0.0359375 0.052734375
0 0.6703125 0.478515625 0.028125 0.046875
