0 0.9328125 0.7177734375 0.128125 0.228515625
0 0.82578125 0.4921875 0.0671875 0.08984375
0 0.75078125 0.52734375 0.1015625 0.109375
0 0.67421875 0.5615234375 0.1453125 0.150390625
0 0.38984375 0.494140625 0.0765625 0.0703125
0 0.3234375 0.5400390625 0.09375 0.123046875
0 0.24296875 0.5703125 0.1609375 0.1875
0 0.1 0.6171875 0.19375 0.34375
1 0.48984375 0.4765625 0.0234375 0.078125
1 0.45859375 0.4814453125 0.0265625 0.083984375
1 0.43984375 0.4833984375 0.0234375 0.095703125
1 0.525 0.5615234375 0.05625 0.189453125
2 0.521875 0.626953125 0.025 0.11328125
0 0.98125 0.5419921875 0.034375 0.087890625
0 0.75234375 0.4619140625 0.0453125 0.037109375
1 0.55859375 0.4560546875 0.0203125 0.041015625
