0 0.95390625 0.6767578125 0.0890625 0.322265625
0 0.43984375 0.474609375 0.0890625 0.07421875
0 0.4609375 0.4619140625 0.0625 0.080078125
0 0.4953125 0.4541015625 0.040625 0.060546875
0 0.34375 0.4658203125 0.075 0.072265625
2 0.1203125 0.521484375 0.1 0.05859375
2 0.6125 0.4765625 0.015625 0.03515625
2 0.64765625 0.4755859375 0.0140625 0.029296875
1 0.70234375 0.4580078125 0.0203125 0.041015625
1 0.9359375 0.4580078125 0.034375 0.087890625
1 0.975 0.447265625 0.028125 0.10546875
1 0.2 0.4609375 0.021875 0.07421875
1 0.21796875 0.458984375 0.0203125 0.078125
1 0.29296875 0.4560546875 0.0171875 0.052734375
1 0.7765625 0.435546875 0.021875 0.03515625
1 0.64375 0.4423828125 0.021875 0.033203125
1 0.6125 0.4423828125 0.01875 0.037109375
0 0.38515625 0.462890625 0.0359375 0.06640625
1 0.16953125 0.4306640625 0.0234375 0.041015625
1 0.12890625 0.4580078125 0.0484375 0.068359375
