0 0.5515625 0.4814453125 0.075 0.087890625
2 0.01796875 0.5595703125 0.0328125 0.076171875
2 0.06796875 0.5419921875 0.0328125 0.083984375
2 0.1609375 0.5576171875 0.065625 0.095703125
2 0.2953125 0.5087890625 0.021875 0.060546875
2 0.21640625 0.529296875 0.0328125 0.06640625
1 0.02890625 0.4990234375 0.0515625 0.146484375
1 0.08046875 0.498046875 0.0484375 0.1328125
1 0.16015625 0.486328125 0.0578125 0.17578125
1 0.22734375 0.482421875 0.0484375 0.12109375
1 0.2921875 0.4619140625 0.028125 0.060546875
1 0.35625 0.4580078125 0.028125 0.033203125
0 0.509375 0.478515625 0.021875 0.046875
0 0.496875 0.4765625 0.025 0.04296875
1 0.3265625 0.4716796875 0.025 0.060546875
2 0.328125 0.4931640625 0.01875 0.037109375
0 0.4 0.4736328125 0.03125 0.029296875
