0 0.06796875 0.564453125 0.1296875 0.21484375
0 0.21640625 0.5205078125 0.1515625 0.119140625
0 0.3375 0.4931640625 0.09375 0.072265625
1 0.415625 0.4716796875 0.025 0.064453125
0 0.69140625 0.5146484375 0.1203125 0.123046875
0 0.3734375 0.48046875 0.0625 0.0703125
0 0.72578125 0.541015625 0.1359375 0.14453125
0 0.790625 0.5888671875 0.15625 0.201171875
0 0.88671875 0.6474609375 0.2203125 0.439453125
0 0.634375 0.4990234375 0.040625 0.076171875
0 0.6234375 0.494140625 0.04375 0.06640625
0 0.60390625 0.474609375 0.0515625 0.0625
0 0.4671875 0.462890625 0.01875 0.03125
0 0.48671875 0.458984375 0.0234375 0.0234375
1 0.5625 0.4658203125 0.0125 0.041015625
1 0.553125 0.4638671875 0.0125 0.041015625
