0 0.27109375 0.52734375 0.4046875 0.15625
0 0.32109375 0.462890625 0.0578125 0.07421875
0 0.67109375 0.4833984375 0.0765625 0.052734375
0 0.71953125 0.4970703125 0.0328125 0.041015625
0 0.771875 0.4873046875 0.084375 0.076171875
0 0.79609375 0.4970703125 0.0609375 0.087890625
0 0.86328125 0.490234375 0.1171875 0.09765625
0 0.91796875 0.51171875 0.1015625 0.0859375
0 0.6125 0.4697265625 0.040625 0.041015625
0 0.63046875 0.4755859375 0.0421875 0.052734375
0 0.359375 0.4697265625 0.034375 0.060546875
