1 0.34453125 0.513671875 0.0609375 0.18359375
0 0.18046875 0.4833984375 0.0421875 0.052734375
0 0.1015625 0.4794921875 0.125 0.087890625
0 0.06015625 0.478515625 0.0671875 0.08984375
0 0.05234375 0.4912109375 0.0546875 0.060546875
0 0.01953125 0.490234375 0.0390625 0.08203125
1 0.48203125 0.4853515625 0.0328125 0.154296875
1 0.5046875 0.509765625 0.053125 0.2109375
2 0.94609375 0.5029296875 0.1046875 0.119140625
1 0.5359375 0.5048828125 0.0375 0.193359375
0 0.1171875 0.4599609375 0.090625 0.041015625
