0 0.98671875 0.58984375 0.0234375 0.16796875
0 0.91171875 0.595703125 0.0796875 0.15234375
0 0.81640625 0.5439453125 0.2671875 0.193359375
0 0.7359375 0.5126953125 0.165625 0.126953125
0 0.6984375 0.4931640625 0.1375 0.095703125
0 0.621875 0.5126953125 0.034375 0.068359375
0 0.66875 0.484375 0.190625 0.12109375
0 0.4546875 0.4873046875 0.034375 0.037109375
1 0.17109375 0.4833984375 0.0296875 0.119140625
1 0.19921875 0.5 0.0203125 0.0546875
1 0.2171875 0.490234375 0.021875 0.07421875
1 0.2375 0.48046875 0.025 0.078125
0 0.5640625 0.4921875 0.03125 0.07421875
0 0.5453125 0.474609375 0.046875 0.0625
