1 0.4828125 0.498046875 0.03125 0.08203125
1 0.2296875 0.4609375 0.021875 0.05859375
0 0.8890625 0.6796875 0.215625 0.265625
0 0.7515625 0.59375 0.253125 0.171875
0 0.12265625 0.470703125 0.0828125 0.0546875
0 0.0390625 0.462890625 0.071875 0.046875
1 0.1125 0.46484375 0.021875 0.0625
1 0.04765625 0.439453125 0.0203125 0.02734375
1 0.340625 0.4833984375 0.03125 0.044921875
2 0.35 0.50390625 0.065625 0.0390625
0 0.796875 0.4892578125 0.1125 0.068359375
0 0.72109375 0.4775390625 0.0796875 0.064453125
2 0.52578125 0.48828125 0.0234375 0.02734375
2 0.503125 0.4912109375 0.021875 0.025390625
