0 0.76484375 0.5927734375 0.2234375 0.189453125
0 0.66875 0.5380859375 0.11875 0.115234375
0 0.64765625 0.490234375 0.1046875 0.0859375
0 0.5921875 0.46484375 0.065625 0.08203125
0 0.540625 0.453125 0.05 0.0625
0 0.36484375 0.462890625 0.0421875 0.04296875
0 0.33359375 0.474609375 0.0671875 0.06640625
1 0.26953125 0.515625 0.0453125 0.125
1 0.43125 0.451171875 0.021875 0.0546875
1 0.48046875 0.4453125 0.0203125 0.05859375
0 0.2328125 0.5146484375 0.059375 0.103515625
0 0.10390625 0.5654296875 0.2046875 0.240234375
2 0.2671875 0.5673828125 0.028125 0.087890625
0 0.12890625 0.44140625 0.0765625 0.02734375
0 0.38515625 0.45703125 0.0234375 0.04296875
0 0.3953125 0.44921875 0.040625 0.05078125
0 0.496875 0.4384765625 0.01875 0.025390625
