1 0.79140625 0.513671875 0.0453125 0.12109375
1 0.7625 0.560546875 0.05 0.1875
0 0.8890625 0.623046875 0.209375 0.2265625
0 0.97109375 0.75 0.0515625 0.23046875
0 0.71640625 0.51953125 0.0984375 0.1484375
0 0.6078125 0.482421875 0.0375 0.046875
0 0.55390625 0.4638671875 0.0296875 0.029296875
0 0.31640625 0.4619140625 0.0921875 0.056640625
0 0.2484375 0.44921875 0.059375 0.05078125
0 0.15 0.458984375 0.0875 0.06640625
1 0.41875 0.4619140625 0.01875 0.041015625
0 0.6359375 0.4970703125 0.040625 0.060546875
0 0.6578125 0.5048828125 0.046875 0.076171875
0 0.678125 0.5107421875 0.046875 0.091796875
0 0.184375 0.4560546875 0.065625 0.064453125
0 0.23984375 0.4638671875 0.0546875 0.052734375
0 0.39609375 0.4609375 0.0328125 0.03515625
0 0.49375 0.458984375 0.021875 0.0234375
