1 0.68203125 0.5009765625 0.0359375 0.130859375
0 0.4296875 0.4716796875 0.065625 0.056640625
0 0.31796875 0.46484375 0.0421875 0.0546875
0 0.2796875 0.474609375 0.0625 0.0546875
2 0.68359375 0.544921875 0.0234375 0.08984375
1 0.590625 0.466796875 0.015625 0.0390625
1 0.5734375 0.4658203125 0.015625 0.041015625
1 0.553125 0.462890625 0.015625 0.04296875
0 0.3546875 0.4677734375 0.034375 0.041015625
0 0.38359375 0.4658203125 0.0234375 0.037109375
0 0.4984375 0.4658203125 0.021875 0.021484375
0 0.45859375 0.4619140625 0.0203125 0.025390625
