1 0.56171875 0.51171875 0.0328125 0.0859375
1 0.5 0.5048828125 0.034375 0.083984375
2 0.5609375 0.5400390625 0.01875 0.044921875
2 0.50390625 0.533203125 0.0203125 0.046875
0 0.8625 0.6318359375 0.26875 0.333984375
0 0.73125 0.5625 0.15 0.1953125
0 0.6765625 0.5322265625 0.078125 0.126953125
0 0.61328125 0.53125 0.0671875 0.0703125
0 0.5890625 0.501953125 0.034375 0.05078125
0 0.44296875 0.4951171875 0.0296875 0.033203125
0 0.415625 0.5009765625 0.034375 0.044921875
0 0.3875 0.505859375 0.046875 0.0546875
0 0.35390625 0.51953125 0.0609375 0.0703125
0 0.29453125 0.521484375 0.0734375 0.0859375
0 0.21171875 0.5439453125 0.1421875 0.119140625
