0 0.2640625 0.546875 0.1625 0.14453125
0 0.4109375 0.4931640625 0.040625 0.037109375
0 0.5 0.5439453125 0.11875 0.119140625
1 0.76875 0.51171875 0.021875 0.06640625
1 0.7296875 0.5078125 0.021875 0.0703125
1 0.70234375 0.5068359375 0.0203125 0.060546875
1 0.68046875 0.5078125 0.0203125 0.05859375
1 0.65859375 0.5068359375 0.0234375 0.064453125
1 0.5890625 0.5048828125 0.03125 0.076171875
1 0.18359375 0.501953125 0.0265625 0.0703125
1 0.15859375 0.4921875 0.0203125 0.07421875
1 0.14453125 0.4951171875 0.0234375 0.072265625
