0 0.7765625 0.5732421875 0.24375 0.212890625
0 0.88671875 0.681640625 0.2234375 0.3671875
0 0.04375 0.5478515625 0.084375 0.177734375
0 0.16796875 0.5107421875 0.1671875 0.146484375
0 0.38671875 0.46875 0.0484375 0.06640625
0 0.42265625 0.470703125 0.0265625 0.04296875
1 0.565625 0.470703125 0.01875 0.0625
0 0.271875 0.490234375 0.109375 0.1171875
0 0.3296875 0.48046875 0.059375 0.07421875
0 0.36796875 0.4833984375 0.0453125 0.060546875
0 0.69765625 0.5087890625 0.1609375 0.162109375
0 0.61484375 0.494140625 0.0390625 0.07421875
0 0.5984375 0.4873046875 0.0375 0.064453125
0 0.4703125 0.4599609375 0.025 0.029296875
1 0.6390625 0.453125 0.015625 0.01953125
1 0.62421875 0.451171875 0.0171875 0.015625
