2 0.87421875 0.517578125 0.0734375 0.12890625
1 0.80546875 0.4892578125 0.0609375 0.193359375
1 0.759375 0.48828125 0.040625 0.171875
1 0.55703125 0.46484375 0.0234375 0.08203125
1 0.71015625 0.421875 0.0203125 0.0390625
1 0.65703125 0.470703125 0.0328125 0.109375
1 0.2078125 0.4677734375 0.03125 0.072265625
1 0.15703125 0.474609375 0.0265625 0.0703125
0 0.3015625 0.4853515625 0.05 0.052734375
0 0.328125 0.4716796875 0.040625 0.044921875
0 0.496875 0.4794921875 0.053125 0.068359375
0 0.4296875 0.4814453125 0.09375 0.103515625
1 0.925 0.4814453125 0.03125 0.162109375
1 0.08828125 0.462890625 0.0234375 0.04296875
