0 0.55234375 0.4814453125 0.0796875 0.083984375
0 0.0421875 0.5 0.08125 0.109375
2 0.834375 0.568359375 0.09375 0.14453125
2 0.728125 0.580078125 0.078125 0.10546875
2 0.39609375 0.5634765625 0.0671875 0.146484375
2 0.3296875 0.578125 0.05 0.09375
2 0.209375 0.54296875 0.053125 0.0859375
2 0.15703125 0.52734375 0.0328125 0.05859375
1 0.78203125 0.5126953125 0.1046875 0.212890625
1 0.36640625 0.5107421875 0.0796875 0.201171875
1 0.20390625 0.4951171875 0.0421875 0.138671875
1 0.1578125 0.484375 0.0375 0.10546875
0 0.5109375 0.482421875 0.021875 0.05078125
0 0.49921875 0.4755859375 0.0234375 0.041015625
1 0.23671875 0.4462890625 0.0234375 0.044921875
1 0.26875 0.466796875 0.059375 0.12109375
2 0.2359375 0.5185546875 0.025 0.044921875
2 0.25703125 0.529296875 0.0328125 0.0625
