0 0.05625 0.568359375 0.109375 0.19921875
0 0.1609375 0.5390625 0.159375 0.16015625
0 0.253125 0.5166015625 0.1 0.103515625
0 0.30625 0.4921875 0.1 0.10546875
0 0.35703125 0.4892578125 0.0484375 0.072265625
0 0.39765625 0.4794921875 0.0546875 0.060546875
0 0.62421875 0.482421875 0.0609375 0.0546875
0 0.6640625 0.517578125 0.046875 0.09765625
0 0.75 0.5458984375 0.1625 0.169921875
1 0.55703125 0.4697265625 0.0203125 0.052734375
1 0.575 0.46875 0.021875 0.0625
0 0.4453125 0.466796875 0.04375 0.046875
0 0.478125 0.462890625 0.025 0.03125
1 0.50234375 0.458984375 0.0109375 0.03515625
0 0.5328125 0.45703125 0.025 0.02734375
1 0.51796875 0.4580078125 0.0109375 0.037109375
