0 0.11328125 0.5439453125 0.2234375 0.154296875
0 0.25078125 0.515625 0.1203125 0.1171875
0 0.31484375 0.5009765625 0.0671875 0.072265625
0 0.35078125 0.4853515625 0.0859375 0.091796875
0 0.41015625 0.478515625 0.0515625 0.05078125
0 0.615625 0.474609375 0.053125 0.05078125
0 0.69609375 0.521484375 0.1296875 0.12890625
1 0.5703125 0.4677734375 0.021875 0.056640625
1 0.55625 0.4697265625 0.021875 0.056640625
1 0.52109375 0.4541015625 0.0078125 0.029296875
1 0.50625 0.4560546875 0.009375 0.037109375
0 0.53125 0.45703125 0.021875 0.0234375
0 0.4546875 0.4638671875 0.040625 0.041015625
0 0.484375 0.4541015625 0.025 0.033203125
0 0.9359375 0.5087890625 0.0375 0.103515625
0 0.6484375 0.498046875 0.059375 0.0859375
