1 0.66328125 0.4716796875 0.0328125 0.119140625
1 0.63046875 0.46875 0.0328125 0.125
1 0.828125 0.48046875 0.046875 0.21484375
1 0.38203125 0.484375 0.0359375 0.11328125
1 0.46015625 0.466796875 0.0265625 0.05859375
0 0.92578125 0.4462890625 0.1421875 0.138671875
0 0.9515625 0.490234375 0.09375 0.10546875
1 0.57421875 0.4560546875 0.0203125 0.056640625
1 0.60234375 0.4541015625 0.0203125 0.056640625
1 0.16953125 0.48046875 0.0203125 0.04296875
1 0.1140625 0.4775390625 0.01875 0.029296875
0 0.728125 0.4580078125 0.0375 0.052734375
