1 0.0125 0.474609375 0.025 0.06640625
1 0.6625 0.51953125 0.04375 0.1328125
0 0.36953125 0.4775390625 0.0421875 0.037109375
0 0.3890625 0.4677734375 0.03125 0.041015625
0 0.48984375 0.4716796875 0.0296875 0.033203125
2 0.659375 0.5537109375 0.021875 0.087890625
1 0.5359375 0.46875 0.015625 0.0390625
1 0.5578125 0.4677734375 0.015625 0.037109375
1 0.58359375 0.47265625 0.0140625 0.02734375
0 0.4609375 0.47265625 0.028125 0.0234375
0 0.51171875 0.4716796875 0.0203125 0.017578125
0 0.41484375 0.46875 0.0203125 0.03125
0 0.4296875 0.46875 0.01875 0.02734375
