0 0.43984375 0.4365234375 0.0578125 0.029296875
0 0.44921875 0.48828125 0.0984375 0.1015625
1 0.9015625 0.458984375 0.040625 0.06640625
1 0.97890625 0.45703125 0.0390625 0.07421875
1 0.74140625 0.4736328125 0.0203125 0.068359375
1 0.865625 0.453125 0.025 0.06640625
1 0.5859375 0.46484375 0.01875 0.03125
1 0.775 0.4560546875 0.0125 0.041015625
1 0.51875 0.4609375 0.021875 0.0390625
0 0.540625 0.478515625 0.034375 0.03515625
1 0.2765625 0.46875 0.01875 0.0390625
1 0.02109375 0.4541015625 0.0234375 0.064453125
1 0.09296875 0.45703125 0.0296875 0.0390625
