0 0.434375 0.4892578125 0.165625 0.216796875
0 0.87421875 0.5263671875 0.2484375 0.232421875
0 0.765625 0.49609375 0.215625 0.19140625
0 0.659375 0.4873046875 0.05625 0.119140625
1 0.5625 0.4765625 0.034375 0.1015625
0 0.61015625 0.48046875 0.0671875 0.08203125
0 0.534375 0.470703125 0.0375 0.05078125
0 0.54140625 0.48046875 0.0234375 0.0546875
0 0.07109375 0.521484375 0.1328125 0.12890625
0 0.16015625 0.51171875 0.0921875 0.0859375
0 0.25625 0.482421875 0.084375 0.078125
0 0.159375 0.4580078125 0.05625 0.021484375
0 0.309375 0.482421875 0.021875 0.05859375
