0 0.14921875 0.52734375 0.1828125 0.1328125
0 0.3109375 0.4921875 0.159375 0.11328125
0 0.8203125 0.5947265625 0.246875 0.240234375
0 0.68203125 0.529296875 0.1203125 0.125
0 0.62578125 0.49609375 0.0578125 0.0703125
0 0.47109375 0.4619140625 0.0359375 0.033203125
1 0.50546875 0.4697265625 0.0203125 0.041015625
1 0.48515625 0.46875 0.0203125 0.0390625
0 0.7 0.458984375 0.05625 0.0390625
0 0.86171875 0.4775390625 0.0859375 0.044921875
0 0.93984375 0.4921875 0.1046875 0.06640625
0 0.609375 0.4765625 0.05625 0.06640625
1 0.43046875 0.4619140625 0.0140625 0.041015625
