0 0.0640625 0.453125 0.05 0.046875
0 0.1171875 0.447265625 0.05 0.046875
0 0.2 0.4462890625 0.04375 0.041015625
0 0.27265625 0.45703125 0.0609375 0.05859375
1 0.33515625 0.447265625 0.0203125 0.05078125
1 0.49453125 0.4755859375 0.0609375 0.244140625
1 0.54140625 0.39453125 0.0265625 0.0390625
1 0.56015625 0.4794921875 0.0546875 0.220703125
1 0.67109375 0.47265625 0.0578125 0.15625
1 0.9640625 0.482421875 0.06875 0.34375
1 0.9 0.4892578125 0.08125 0.337890625
1 0.83203125 0.4990234375 0.0953125 0.349609375
