0 0.759375 0.474609375 0.0375 0.07421875
0 0.703125 0.470703125 0.04375 0.08203125
1 0.66953125 0.5185546875 0.0546875 0.181640625
1 0.5359375 0.49609375 0.0375 0.109375
1 0.521875 0.4921875 0.025 0.11328125
0 0.46171875 0.466796875 0.0609375 0.05078125
0 0.26484375 0.453125 0.1109375 0.0703125
0 0.16953125 0.435546875 0.1046875 0.0546875
0 0.49375 0.46484375 0.028125 0.0390625
0 0.5828125 0.462890625 0.028125 0.02734375
0 0.6 0.4599609375 0.021875 0.025390625
0 0.62890625 0.4541015625 0.0203125 0.025390625
