1 0.8546875 0.41796875 0.028125 0.05078125
0 0.49140625 0.4443359375 0.0171875 0.021484375
1 0.4484375 0.4423828125 0.0125 0.029296875
1 0.43671875 0.443359375 0.0109375 0.0390625
1 0.415625 0.443359375 0.0125 0.03515625
1 0.353125 0.44140625 0.0125 0.02734375
1 0.30390625 0.4384765625 0.0109375 0.029296875
1 0.2796875 0.4375 0.0125 0.03125
1 0.2703125 0.4326171875 0.0125 0.037109375
1 0.26015625 0.4345703125 0.0109375 0.025390625
1 0.2265625 0.44140625 0.015625 0.05078125
1 0.203125 0.4384765625 0.015625 0.052734375
1 0.18984375 0.4404296875 0.0140625 0.048828125
1 0.12890625 0.4267578125 0.0140625 0.025390625
1 0.1046875 0.4345703125 0.01875 0.048828125
1 0.86484375 0.4658203125 0.0234375 0.041015625
