2 0.39140625 0.5888671875 0.1671875 0.111328125
0 0.2 0.4951171875 0.09375 0.080078125
0 0.2515625 0.490234375 0.040625 0.06640625
0 0.28125 0.4794921875 0.065625 0.068359375
0 0.3140625 0.47265625 0.05 0.0625
0 0.61015625 0.4873046875 0.0796875 0.072265625
0 0.57265625 0.4833984375 0.0234375 0.056640625
0 0.5578125 0.482421875 0.03125 0.05859375
0 0.54375 0.470703125 0.03125 0.0625
0 0.5203125 0.4765625 0.021875 0.0390625
0 0.50625 0.4697265625 0.01875 0.029296875
0 0.48125 0.46484375 0.03125 0.02734375
1 0.42578125 0.4609375 0.0734375 0.16015625
0 0.3390625 0.47265625 0.01875 0.05859375
0 0.37734375 0.4755859375 0.0234375 0.021484375
0 0.3953125 0.470703125 0.015625 0.0234375
0 0.40625 0.466796875 0.0125 0.01953125
