0 0.5328125 0.4970703125 0.103125 0.111328125
0 0.4171875 0.484375 0.025 0.03125
1 0.29453125 0.486328125 0.0140625 0.03125
1 0.28515625 0.484375 0.0140625 0.03125
1 0.27265625 0.4853515625 0.0109375 0.029296875
1 0.26015625 0.4873046875 0.0140625 0.037109375
1 0.23671875 0.484375 0.0140625 0.046875
1 0.22421875 0.482421875 0.0109375 0.03515625
1 0.215625 0.486328125 0.0125 0.04296875
1 0.20078125 0.486328125 0.0109375 0.0390625
1 0.1890625 0.486328125 0.0125 0.04296875
1 0.17578125 0.4873046875 0.0109375 0.041015625
1 0.1625 0.486328125 0.0125 0.0390625
1 0.15 0.48828125 0.0125 0.0390625
1 0.1328125 0.490234375 0.0125 0.046875
1 0.1203125 0.4892578125 0.009375 0.052734375
1 0.1109375 0.4892578125 0.009375 0.044921875
1 0.1015625 0.4921875 0.0125 0.0546875
1 0.09140625 0.4912109375 0.0109375 0.056640625
1 0.075 0.490234375 0.015625 0.0625
1 0.06015625 0.4951171875 0.0109375 0.056640625
1 0.0453125 0.494140625 0.0125 0.0625
1 0.0171875 0.4970703125 0.01875 0.076171875
