0 0.90546875 0.7900390625 0.1828125 0.384765625
0 0.684375 0.54296875 0.1375 0.125
0 0.63671875 0.5146484375 0.0859375 0.091796875
0 0.35859375 0.470703125 0.0515625 0.0546875
0 0.30703125 0.4990234375 0.0703125 0.080078125
0 0.1984375 0.5205078125 0.159375 0.166015625
1 0.34453125 0.4853515625 0.0265625 0.091796875
2 0.34765625 0.515625 0.0203125 0.0546875
0 0.38515625 0.4609375 0.0265625 0.04296875
0 0.4 0.4482421875 0.034375 0.044921875
1 0.478125 0.44921875 0.015625 0.0546875
0 0.49296875 0.4384765625 0.0234375 0.029296875
1 0.43828125 0.4501953125 0.0203125 0.056640625
1 0.5171875 0.4521484375 0.03125 0.044921875
0 0.5265625 0.4560546875 0.028125 0.044921875
0 0.57109375 0.4609375 0.0609375 0.0703125
0 0.615625 0.4833984375 0.078125 0.083984375
