1 0.8984375 0.5478515625 0.05625 0.154296875
1 0.8421875 0.55078125 0.04375 0.15234375
0 0.71640625 0.5703125 0.1828125 0.15625
0 0.6296875 0.5009765625 0.121875 0.123046875
0 0.56484375 0.4697265625 0.0515625 0.044921875
0 0.1234375 0.568359375 0.2 0.1875
0 0.24921875 0.5361328125 0.0953125 0.103515625
0 0.2921875 0.5126953125 0.06875 0.068359375
0 0.3359375 0.4921875 0.0625 0.05859375
0 0.3765625 0.470703125 0.040625 0.04296875
0 0.4109375 0.4560546875 0.0375 0.037109375
0 0.428125 0.4482421875 0.03125 0.033203125
0 0.5453125 0.455078125 0.040625 0.0390625
0 0.73125 0.4619140625 0.059375 0.041015625
0 0.78828125 0.4658203125 0.0609375 0.052734375
