0 0.871875 0.7373046875 0.25 0.396484375
0 0.79375 0.58203125 0.25 0.2265625
0 0.66796875 0.5517578125 0.0671875 0.134765625
0 0.65390625 0.5166015625 0.0796875 0.091796875
0 0.378125 0.486328125 0.05 0.05859375
0 0.33984375 0.501953125 0.0671875 0.0703125
0 0.26640625 0.5283203125 0.0828125 0.099609375
0 0.196875 0.5595703125 0.1 0.119140625
0 0.08671875 0.58984375 0.1703125 0.1875
0 0.52109375 0.46484375 0.0546875 0.06640625
1 0.41640625 0.4716796875 0.0203125 0.052734375
0 0.765625 0.44921875 0.04375 0.02734375
0 0.80625 0.4423828125 0.06875 0.041015625
0 0.85703125 0.4482421875 0.1234375 0.037109375
0 0.5765625 0.46875 0.028125 0.0546875
0 0.6125 0.4775390625 0.071875 0.083984375
0 0.459375 0.451171875 0.025 0.02734375
0 0.42109375 0.458984375 0.0421875 0.0390625
0 0.02265625 0.66015625 0.0421875 0.140625
