0 0.8421875 0.52734375 0.3125 0.30078125
0 0.6796875 0.4873046875 0.1125 0.146484375
0 0.6125 0.4755859375 0.065625 0.068359375
0 0.5859375 0.466796875 0.034375 0.05078125
0 0.5109375 0.470703125 0.05625 0.06640625
0 0.4640625 0.4677734375 0.034375 0.041015625
0 0.42578125 0.4677734375 0.0359375 0.041015625
0 0.36875 0.4765625 0.03125 0.05859375
0 0.34609375 0.4794921875 0.0328125 0.064453125
0 0.29609375 0.494140625 0.0765625 0.08203125
0 0.15078125 0.5107421875 0.1484375 0.154296875
0 0.04296875 0.5341796875 0.0859375 0.181640625
