1 0.66328125 0.474609375 0.0109375 0.0390625
1 0.65234375 0.4736328125 0.0109375 0.041015625
1 0.6375 0.4697265625 0.0125 0.048828125
1 0.62890625 0.47265625 0.0078125 0.046875
1 0.61796875 0.4765625 0.0109375 0.0390625
1 0.60859375 0.4775390625 0.0109375 0.048828125
1 0.59765625 0.4755859375 0.0078125 0.044921875
1 0.5890625 0.474609375 0.009375 0.04296875
1 0.58046875 0.4599609375 0.0109375 0.021484375
0 0.45859375 0.44140625 0.0109375 0.015625
0 0.45 0.48828125 0.075 0.07421875
0 0.303125 0.484375 0.046875 0.04296875
