1 0.45703125 0.470703125 0.0203125 0.05859375
1 0.50625 0.466796875 0.025 0.0625
1 0.540625 0.478515625 0.025 0.05859375
0 0.9609375 0.845703125 0.071875 0.25
0 0.86875 0.685546875 0.25625 0.26953125
0 0.7703125 0.5625 0.196875 0.1796875
0 0.65390625 0.4970703125 0.1015625 0.107421875
0 0.39140625 0.466796875 0.0453125 0.05859375
0 0.35546875 0.4931640625 0.0546875 0.068359375
0 0.309375 0.5107421875 0.090625 0.087890625
0 0.11875 0.5869140625 0.221875 0.166015625
0 0.13984375 0.4775390625 0.0765625 0.056640625
0 0.06015625 0.4775390625 0.1203125 0.060546875
0 0.04375 0.501953125 0.0875 0.0703125
0 0.421875 0.46484375 0.025 0.0390625
0 0.59765625 0.48828125 0.0421875 0.0703125
0 0.56640625 0.4853515625 0.0484375 0.060546875
