1 0.4265625 0.466796875 0.021875 0.07421875
1 0.6375 0.46484375 0.021875 0.0859375
1 0.61796875 0.4619140625 0.0265625 0.095703125
1 0.7265625 0.47265625 0.034375 0.13671875
1 0.14765625 0.486328125 0.0203125 0.078125
0 0.81015625 0.451171875 0.0578125 0.09765625
0 0.9265625 0.44921875 0.14375 0.14453125
0 0.9515625 0.490234375 0.09375 0.12109375
1 0.5515625 0.4599609375 0.01875 0.052734375
1 0.471875 0.4580078125 0.01875 0.041015625
1 0.16875 0.4775390625 0.01875 0.037109375
1 0.1328125 0.48046875 0.015625 0.0234375
1 0.1140625 0.478515625 0.021875 0.03125
0 0.453125 0.4609375 0.028125 0.02734375
