0 0.978125 0.61328125 0.040625 0.18359375
0 0.89375 0.5166015625 0.20625 0.259765625
0 0.78984375 0.51953125 0.1296875 0.14453125
0 0.728125 0.5048828125 0.096875 0.119140625
1 0.6609375 0.4794921875 0.0375 0.134765625
2 0.6625 0.541015625 0.034375 0.0859375
0 0.6171875 0.4833984375 0.04375 0.080078125
0 0.59609375 0.46875 0.0421875 0.0625
0 0.4359375 0.5146484375 0.209375 0.244140625
0 0.33203125 0.4794921875 0.0296875 0.060546875
0 0.31015625 0.490234375 0.0421875 0.0625
0 0.2421875 0.484375 0.109375 0.109375
0 0.0671875 0.4677734375 0.103125 0.064453125
0 0.059375 0.5390625 0.1125 0.140625
