1 0.540625 0.455078125 0.05 0.140625
1 0.58046875 0.4541015625 0.0265625 0.095703125
1 0.07890625 0.4423828125 0.0453125 0.138671875
1 0.009375 0.431640625 0.01875 0.1171875
1 0.2796875 0.458984375 0.028125 0.1328125
1 0.30703125 0.455078125 0.0328125 0.14453125
0 0.340625 0.466796875 0.05625 0.06640625
0 0.3625 0.4560546875 0.053125 0.072265625
0 0.46796875 0.4619140625 0.0328125 0.041015625
0 0.6359375 0.466796875 0.05625 0.07421875
0 0.6921875 0.4765625 0.10625 0.10546875
0 0.9640625 0.513671875 0.065625 0.10546875
0 0.39375 0.4599609375 0.021875 0.041015625
