0 0.2203125 0.537109375 0.128125 0.140625
0 0.4265625 0.4580078125 0.046875 0.044921875
0 0.5671875 0.4521484375 0.0375 0.041015625
0 0.95625 0.7138671875 0.084375 0.201171875
0 0.878125 0.505859375 0.0875 0.1015625
0 0.78125 0.490234375 0.065625 0.07421875
1 0.2984375 0.5244140625 0.040625 0.166015625
1 0.384375 0.51953125 0.04375 0.171875
1 0.33671875 0.5205078125 0.0484375 0.158203125
1 0.73984375 0.4931640625 0.0265625 0.087890625
1 0.775 0.6015625 0.06875 0.24609375
2 0.775 0.681640625 0.03125 0.13671875
1 0.5921875 0.4462890625 0.01875 0.041015625
