2 0.7921875 0.578125 0.075 0.1328125
2 0.696875 0.591796875 0.0875 0.08984375
2 0.4828125 0.5537109375 0.059375 0.115234375
2 0.4109375 0.5625 0.053125 0.0703125
2 0.24609375 0.5517578125 0.0328125 0.064453125
2 0.16953125 0.5400390625 0.0234375 0.076171875
2 0.1953125 0.5224609375 0.025 0.056640625
2 0.28046875 0.515625 0.0265625 0.05859375
0 0.55078125 0.478515625 0.0828125 0.08203125
0 0.3578125 0.4736328125 0.046875 0.041015625
0 0.0421875 0.5009765625 0.084375 0.115234375
1 0.75703125 0.50390625 0.0734375 0.21875
1 0.4453125 0.509765625 0.053125 0.16796875
1 0.240625 0.494140625 0.046875 0.140625
1 0.16796875 0.4833984375 0.0328125 0.119140625
1 0.28125 0.4697265625 0.028125 0.103515625
1 0.14453125 0.4853515625 0.0203125 0.056640625
0 0.39140625 0.4697265625 0.0265625 0.033203125
0 0.50859375 0.4814453125 0.0234375 0.044921875
0 0.50234375 0.474609375 0.0296875 0.04296875
