0 0.03359375 0.6279296875 0.0671875 0.240234375
0 0.1140625 0.5791015625 0.190625 0.205078125
0 0.2203125 0.53125 0.15625 0.171875
0 0.3296875 0.494140625 0.08125 0.08203125
0 0.375 0.48046875 0.034375 0.0546875
1 0.659375 0.4716796875 0.01875 0.048828125
0 0.43828125 0.458984375 0.0328125 0.04296875
0 0.7625 0.490234375 0.071875 0.08203125
0 0.703125 0.548828125 0.13125 0.12890625
0 0.88046875 0.677734375 0.2359375 0.25
0 0.8390625 0.5 0.059375 0.078125
0 0.83125 0.470703125 0.0375 0.0625
0 0.703125 0.4599609375 0.05 0.052734375
0 0.525 0.4345703125 0.025 0.025390625
