0 0.58671875 0.572265625 0.3234375 0.29296875
1 0.83828125 0.48828125 0.0390625 0.1171875
1 0.89375 0.4716796875 0.021875 0.091796875
3 0.8546875 0.501953125 0.025 0.02734375
2 0.3 0.51953125 0.025 0.046875
2 0.13125 0.5263671875 0.03125 0.044921875
1 0.2 0.466796875 0.015625 0.05859375
1 0.88359375 0.4833984375 0.0171875 0.068359375
0 0.41640625 0.466796875 0.0203125 0.02734375
0 0.4046875 0.4677734375 0.01875 0.029296875
0 0.3890625 0.46875 0.021875 0.03125
1 0.296875 0.4755859375 0.025 0.044921875
1 0.17734375 0.4697265625 0.0203125 0.068359375
1 0.1375 0.47265625 0.03125 0.06640625
1 0.11953125 0.46484375 0.0203125 0.0625
1 0.08828125 0.4501953125 0.0109375 0.041015625
