0 0.09765625 0.587890625 0.1953125 0.22265625
0 0.20703125 0.541015625 0.1265625 0.11328125
0 0.2640625 0.515625 0.08125 0.08984375
0 0.30703125 0.505859375 0.0546875 0.08203125
0 0.3359375 0.4931640625 0.0625 0.076171875
0 0.60078125 0.482421875 0.0828125 0.0859375
0 0.7140625 0.53515625 0.1875 0.16015625
0 0.80859375 0.6142578125 0.2203125 0.197265625
0 0.89375 0.755859375 0.20625 0.3828125
1 0.52890625 0.4658203125 0.0203125 0.060546875
0 0.41796875 0.455078125 0.0328125 0.046875
0 0.87734375 0.4892578125 0.0734375 0.060546875
0 0.36796875 0.47265625 0.0515625 0.07421875
0 0.14453125 0.453125 0.0609375 0.02734375
0 0.10078125 0.4521484375 0.0484375 0.029296875
0 0.7953125 0.4853515625 0.0625 0.056640625
