0 0.17109375 0.5498046875 0.1796875 0.166015625
0 0.278125 0.51953125 0.075 0.11328125
0 0.3234375 0.494140625 0.04375 0.06640625
0 0.34609375 0.4833984375 0.0546875 0.068359375
0 0.471875 0.4619140625 0.04375 0.041015625
0 0.68515625 0.5439453125 0.1828125 0.201171875
0 0.78671875 0.650390625 0.2640625 0.25390625
0 0.88515625 0.7939453125 0.2265625 0.408203125
0 0.5125 0.4462890625 0.03125 0.033203125
0 0.375 0.484375 0.021875 0.046875
0 0.384375 0.4736328125 0.034375 0.052734375
0 0.396875 0.470703125 0.025 0.05078125
0 0.4140625 0.466796875 0.01875 0.03515625
0 0.60546875 0.4912109375 0.0484375 0.068359375
0 0.58125 0.4921875 0.028125 0.05859375
0 0.63671875 0.4365234375 0.0609375 0.025390625
0 0.5609375 0.4638671875 0.040625 0.052734375
1 0.5234375 0.458984375 0.01875 0.046875
