1 0.96796875 0.4111328125 0.0328125 0.087890625
1 0.9328125 0.40625 0.028125 0.07421875
1 0.9046875 0.408203125 0.03125 0.07421875
1 0.87421875 0.4072265625 0.0328125 0.068359375
1 0.5578125 0.4267578125 0.021875 0.041015625
2 0.55859375 0.462890625 0.0203125 0.03125
0 0.4859375 0.4453125 0.0375 0.0390625
0 0.44140625 0.4404296875 0.0328125 0.029296875
1 0.3328125 0.4326171875 0.0125 0.021484375
1 0.32265625 0.4345703125 0.0109375 0.021484375
1 0.3125 0.435546875 0.0125 0.01953125
1 0.29296875 0.4345703125 0.0109375 0.021484375
