0 0.07734375 0.4833984375 0.1546875 0.150390625
0 0.15859375 0.474609375 0.1515625 0.125
0 0.22109375 0.470703125 0.0921875 0.0859375
0 0.325 0.46484375 0.11875 0.0625
0 0.459375 0.453125 0.05 0.0390625
0 0.51796875 0.4560546875 0.0390625 0.037109375
0 0.684375 0.46484375 0.05 0.07421875
0 0.7234375 0.4775390625 0.078125 0.107421875
0 0.834375 0.4775390625 0.16875 0.126953125
0 0.84921875 0.4951171875 0.1515625 0.123046875
0 0.95625 0.47265625 0.08125 0.296875
0 0.54765625 0.4580078125 0.0234375 0.025390625
0 0.5546875 0.4501953125 0.04375 0.037109375
0 0.725 0.4501953125 0.14375 0.103515625
