0 0.81171875 0.5947265625 0.1828125 0.158203125
0 0.7359375 0.546875 0.109375 0.09765625
0 0.6828125 0.5146484375 0.096875 0.103515625
0 0.628125 0.5009765625 0.040625 0.060546875
0 0.503125 0.4619140625 0.025 0.025390625
0 0.5625 0.4716796875 0.028125 0.033203125
1 0.35078125 0.46484375 0.0109375 0.04296875
1 0.4140625 0.4619140625 0.009375 0.037109375
1 0.36171875 0.46484375 0.0109375 0.04296875
1 0.37109375 0.4638671875 0.0109375 0.041015625
0 0.6078125 0.494140625 0.025 0.05859375
0 0.5984375 0.484375 0.021875 0.04296875
0 0.5890625 0.48046875 0.034375 0.05078125
0 0.5234375 0.458984375 0.028125 0.0234375
1 0.48671875 0.4609375 0.0203125 0.03515625
