0 0.95234375 0.7021484375 0.0921875 0.232421875
0 0.85234375 0.6005859375 0.2921875 0.216796875
0 0.66015625 0.5517578125 0.1953125 0.123046875
1 0.759375 0.4853515625 0.040625 0.076171875
0 0.54140625 0.5126953125 0.1515625 0.103515625
0 0.459375 0.498046875 0.109375 0.0859375
1 0.3625 0.46484375 0.028125 0.06640625
1 0.0640625 0.4482421875 0.025 0.052734375
0 0.31953125 0.462890625 0.0734375 0.05859375
0 0.74765625 0.4384765625 0.0421875 0.029296875
1 0.103125 0.4501953125 0.01875 0.052734375
1 0.11953125 0.44140625 0.0203125 0.05859375
1 0.1609375 0.439453125 0.01875 0.0546875
1 0.1515625 0.443359375 0.01875 0.05078125
