0 0.121875 0.5654296875 0.18125 0.154296875
0 0.2234375 0.5302734375 0.103125 0.103515625
0 0.27265625 0.5126953125 0.0578125 0.087890625
0 0.3484375 0.4755859375 0.059375 0.068359375
0 0.51171875 0.45703125 0.0421875 0.0390625
0 0.79765625 0.5078125 0.0921875 0.09765625
0 0.76484375 0.4755859375 0.1203125 0.076171875
0 0.59296875 0.48046875 0.0546875 0.0625
1 0.5390625 0.4775390625 0.021875 0.068359375
1 0.5609375 0.4853515625 0.021875 0.076171875
2 0.56328125 0.5185546875 0.0203125 0.068359375
1 0.409375 0.46484375 0.01875 0.05078125
2 0.409375 0.4775390625 0.0125 0.025390625
0 0.696875 0.4765625 0.06875 0.0703125
1 0.45859375 0.4462890625 0.0140625 0.041015625
1 0.446875 0.44921875 0.015625 0.04296875
