0 0.0515625 0.513671875 0.103125 0.140625
0 0.065625 0.4755859375 0.13125 0.099609375
0 0.40625 0.4765625 0.0375 0.0546875
0 0.45 0.46875 0.06875 0.0625
0 0.46015625 0.484375 0.0578125 0.05859375
0 0.51328125 0.4775390625 0.0828125 0.083984375
0 0.53203125 0.4794921875 0.0734375 0.068359375
0 0.54921875 0.5 0.0453125 0.07421875
0 0.625 0.4833984375 0.13125 0.130859375
0 0.64453125 0.50390625 0.0734375 0.1171875
0 0.7453125 0.486328125 0.1625 0.16796875
0 0.76953125 0.51953125 0.1015625 0.15234375
0 0.93046875 0.5263671875 0.1359375 0.197265625
0 0.975 0.595703125 0.046875 0.1796875
1 0.85234375 0.51953125 0.1046875 0.35546875
0 0.36015625 0.4775390625 0.0421875 0.041015625
0 0.3421875 0.4755859375 0.04375 0.041015625
0 0.27578125 0.4755859375 0.0265625 0.029296875
0 0.13828125 0.478515625 0.0515625 0.07421875
