2 0.7734375 0.5546875 0.03125 0.06640625
2 0.72109375 0.537109375 0.0234375 0.0625
2 0.67421875 0.52734375 0.0265625 0.05078125
2 0.6265625 0.5185546875 0.01875 0.041015625
2 0.5671875 0.4990234375 0.025 0.041015625
2 0.5875 0.505859375 0.021875 0.04296875
2 0.6125 0.5126953125 0.01875 0.037109375
1 0.77421875 0.515625 0.0453125 0.1171875
1 0.72265625 0.4912109375 0.0328125 0.087890625
1 0.675 0.4931640625 0.040625 0.087890625
1 0.6265625 0.4951171875 0.021875 0.060546875
1 0.6109375 0.4833984375 0.021875 0.052734375
1 0.5859375 0.4833984375 0.021875 0.056640625
1 0.56796875 0.482421875 0.0265625 0.046875
0 0.83828125 0.505859375 0.1171875 0.09375
