1 0.5625 0.4814453125 0.028125 0.068359375
1 0.5265625 0.47265625 0.025 0.0625
1 0.478125 0.462890625 0.01875 0.0546875
0 0.88984375 0.673828125 0.2109375 0.34765625
0 0.7125 0.5205078125 0.159375 0.162109375
0 0.63125 0.490234375 0.05625 0.0859375
0 0.39453125 0.46875 0.0515625 0.06640625
0 0.34921875 0.4931640625 0.0734375 0.068359375
0 0.275 0.5283203125 0.11875 0.107421875
0 0.07890625 0.4892578125 0.1015625 0.083984375
0 0.05625 0.634765625 0.109375 0.20703125
0 0.02421875 0.490234375 0.0484375 0.0859375
0 0.42890625 0.462890625 0.0234375 0.046875
0 0.43671875 0.458984375 0.0203125 0.0390625
0 0.459375 0.447265625 0.021875 0.02734375
