1 0.68515625 0.51171875 0.0578125 0.19140625
1 0.5515625 0.498046875 0.04375 0.1171875
1 0.0921875 0.5185546875 0.05625 0.177734375
1 0.01796875 0.517578125 0.0359375 0.1796875
0 0.48515625 0.4619140625 0.0578125 0.044921875
0 0.7484375 0.47265625 0.0375 0.06640625
0 0.94375 0.845703125 0.109375 0.30078125
0 0.31171875 0.4501953125 0.0921875 0.068359375
0 0.22109375 0.4365234375 0.0859375 0.056640625
0 0.5140625 0.4658203125 0.021875 0.037109375
0 0.5953125 0.466796875 0.028125 0.02734375
0 0.64921875 0.46875 0.0296875 0.04296875
0 0.05390625 0.47265625 0.0484375 0.06640625
