1 0.65390625 0.5107421875 0.0265625 0.115234375
1 0.6359375 0.521484375 0.03125 0.1171875
1 0.60703125 0.51171875 0.0453125 0.125
0 0.934375 0.73828125 0.121875 0.34375
0 0.7359375 0.5546875 0.153125 0.12890625
0 0.41875 0.4755859375 0.046875 0.044921875
0 0.446875 0.4609375 0.0375 0.046875
0 0.2328125 0.4755859375 0.11875 0.060546875
0 0.07578125 0.607421875 0.1484375 0.296875
0 0.18203125 0.591796875 0.1296875 0.17578125
0 0.24921875 0.552734375 0.1171875 0.125
0 0.30234375 0.525390625 0.0859375 0.09375
0 0.33828125 0.5068359375 0.0703125 0.076171875
0 0.38046875 0.486328125 0.0765625 0.078125
0 0.1359375 0.4609375 0.0625 0.05078125
0 0.53203125 0.4560546875 0.0328125 0.033203125
0 0.58359375 0.458984375 0.0359375 0.04296875
0 0.48671875 0.4462890625 0.0265625 0.029296875
