0 0.8046875 0.47265625 0.05 0.05859375
0 0.4484375 0.46875 0.034375 0.03125
0 0.41875 0.4677734375 0.034375 0.029296875
1 0.1515625 0.4921875 0.028125 0.05859375
1 0.12578125 0.49609375 0.0265625 0.046875
1 0.37734375 0.462890625 0.0234375 0.04296875
1 0.5953125 0.455078125 0.021875 0.0546875
1 0.875 0.5634765625 0.246875 0.505859375
1 0.675 0.46484375 0.03125 0.09375
1 0.65703125 0.4658203125 0.0234375 0.099609375
1 0.6390625 0.46484375 0.021875 0.09375
1 0.625 0.453125 0.01875 0.05078125
1 0.5578125 0.458984375 0.01875 0.046875
1 0.54765625 0.4599609375 0.0140625 0.048828125
