1 0.91640625 0.5107421875 0.0484375 0.130859375
1 0.86015625 0.5234375 0.0203125 0.03515625
1 0.7203125 0.478515625 0.059375 0.171875
2 0.70390625 0.5234375 0.1484375 0.12109375
0 0.596875 0.4443359375 0.053125 0.052734375
0 0.55859375 0.423828125 0.0328125 0.05078125
0 0.53515625 0.42578125 0.0203125 0.03515625
0 0.515625 0.423828125 0.01875 0.02734375
0 0.45859375 0.4267578125 0.0234375 0.029296875
0 0.409375 0.42578125 0.040625 0.0390625
1 0.3765625 0.4404296875 0.021875 0.083984375
1 0.3578125 0.4453125 0.025 0.1015625
0 0.31796875 0.4560546875 0.0546875 0.091796875
0 0.0375 0.5146484375 0.075 0.134765625
