1 0.04140625 0.50390625 0.0328125 0.0859375
1 0.0265625 0.5 0.021875 0.0859375
0 0.43515625 0.50390625 0.1609375 0.109375
1 0.7453125 0.47265625 0.04375 0.140625
1 0.70703125 0.4765625 0.0359375 0.1328125
1 0.61015625 0.462890625 0.0203125 0.0625
0 0.80859375 0.4658203125 0.0546875 0.076171875
0 0.9234375 0.4521484375 0.146875 0.146484375
0 0.9515625 0.48828125 0.09375 0.12890625
1 0.62734375 0.4501953125 0.0203125 0.052734375
0 0.6421875 0.4482421875 0.025 0.029296875
1 0.12578125 0.486328125 0.0265625 0.03515625
1 0.57265625 0.4609375 0.0203125 0.046875
1 0.5484375 0.4599609375 0.015625 0.048828125
