2 0.2609375 0.615234375 0.065625 0.1328125
1 0.25234375 0.5341796875 0.0859375 0.255859375
1 0.375 0.486328125 0.053125 0.18359375
1 0.75546875 0.4853515625 0.0453125 0.201171875
1 0.81484375 0.48828125 0.0484375 0.1875
0 0.92265625 0.44921875 0.1421875 0.140625
0 0.95234375 0.486328125 0.0921875 0.12109375
0 0.64453125 0.4521484375 0.0296875 0.037109375
1 0.61796875 0.4619140625 0.0203125 0.064453125
1 0.55234375 0.4619140625 0.0203125 0.052734375
1 0.675 0.4287109375 0.021875 0.033203125
1 0.17265625 0.4794921875 0.0203125 0.041015625
1 0.128125 0.4892578125 0.021875 0.029296875
1 0.1125 0.4931640625 0.025 0.060546875
