1 0.534375 0.4990234375 0.059375 0.173828125
1 0.4515625 0.49609375 0.0375 0.1171875
1 0.41875 0.4921875 0.046875 0.140625
1 0.371875 0.47265625 0.040625 0.12109375
1 0.33046875 0.47265625 0.0359375 0.11328125
1 0.29609375 0.4482421875 0.0234375 0.115234375
1 0.24140625 0.4443359375 0.0265625 0.103515625
1 0.22421875 0.4541015625 0.0234375 0.099609375
1 0.203125 0.4501953125 0.034375 0.099609375
0 0.58515625 0.474609375 0.0640625 0.06640625
0 0.68359375 0.4443359375 0.0796875 0.041015625
0 0.80234375 0.4501953125 0.0765625 0.052734375
1 0.41015625 0.4423828125 0.0265625 0.072265625
0 0.6515625 0.4541015625 0.06875 0.037109375
1 0.259375 0.4423828125 0.01875 0.091796875
