0 0.86171875 0.564453125 0.2734375 0.44140625
1 0.69453125 0.4609375 0.0234375 0.078125
1 0.65 0.4599609375 0.021875 0.064453125
1 0.61953125 0.4599609375 0.0171875 0.048828125
1 0.58125 0.45703125 0.015625 0.0390625
0 0.540625 0.4716796875 0.0625 0.064453125
0 0.453125 0.458984375 0.040625 0.046875
0 0.42734375 0.453125 0.0140625 0.01953125
0 0.4109375 0.455078125 0.01875 0.0234375
0 0.3890625 0.45703125 0.021875 0.02734375
0 0.26875 0.4755859375 0.06875 0.068359375
0 0.20625 0.4873046875 0.0875 0.091796875
0 0.128125 0.5068359375 0.14375 0.115234375
0 0.02109375 0.5205078125 0.0421875 0.177734375
0 0.315625 0.47265625 0.040625 0.05078125
