0 0.0703125 0.5693359375 0.140625 0.337890625
0 0.44140625 0.478515625 0.0859375 0.10546875
0 0.96328125 0.455078125 0.0703125 0.1171875
0 0.84765625 0.4541015625 0.0609375 0.087890625
0 0.78828125 0.44140625 0.0640625 0.078125
0 0.6765625 0.43359375 0.096875 0.05078125
0 0.38125 0.458984375 0.025 0.02734375
0 0.91015625 0.4345703125 0.0328125 0.123046875
0 0.609375 0.4580078125 0.021875 0.025390625
0 0.559375 0.4580078125 0.028125 0.033203125
0 0.34921875 0.4619140625 0.0234375 0.025390625
0 0.32734375 0.466796875 0.0203125 0.0234375
