0 0.95546875 0.6611328125 0.0859375 0.310546875
0 0.8578125 0.4072265625 0.03125 0.044921875
0 0.77265625 0.4921875 0.1828125 0.19921875
0 0.66796875 0.4853515625 0.0796875 0.091796875
0 0.6203125 0.447265625 0.059375 0.06640625
0 0.56640625 0.3720703125 0.0234375 0.025390625
0 0.55546875 0.3583984375 0.0203125 0.025390625
0 0.52421875 0.3515625 0.0140625 0.015625
1 0.5546875 0.3974609375 0.015625 0.029296875
0 0.50625 0.357421875 0.015625 0.015625
0 0.49375 0.3671875 0.01875 0.015625
0 0.4859375 0.3798828125 0.025 0.025390625
0 0.43828125 0.427734375 0.0484375 0.05078125
0 0.40546875 0.4560546875 0.0546875 0.060546875
0 0.346875 0.48828125 0.096875 0.08203125
0 0.53515625 0.4609375 0.0640625 0.07421875
0 0.15 0.505859375 0.25625 0.2109375
