1 0.9796875 0.486328125 0.0375 0.23828125
1 0.8859375 0.4638671875 0.034375 0.099609375
0 0.69453125 0.4560546875 0.0484375 0.087890625
0 0.7734375 0.435546875 0.1 0.046875
1 0.653125 0.474609375 0.025 0.10546875
1 0.6171875 0.4853515625 0.028125 0.123046875
1 0.53125 0.4638671875 0.021875 0.083984375
0 0.49921875 0.4638671875 0.0234375 0.041015625
1 0.478125 0.4619140625 0.015625 0.048828125
0 0.45234375 0.453125 0.0265625 0.02734375
0 0.3953125 0.4560546875 0.028125 0.037109375
1 0.346875 0.4697265625 0.01875 0.052734375
1 0.3203125 0.4580078125 0.021875 0.060546875
0 0.2640625 0.4462890625 0.04375 0.037109375
0 0.1375 0.5146484375 0.275 0.193359375
2 0.98203125 0.6962890625 0.0328125 0.166015625
