2 0.7265625 0.6630859375 0.078125 0.228515625
2 0.5953125 0.5341796875 0.03125 0.119140625
2 0.34375 0.5595703125 0.025 0.138671875
2 0.44296875 0.546875 0.0453125 0.1171875
2 0.47890625 0.5205078125 0.0296875 0.060546875
1 0.1609375 0.4453125 0.021875 0.04296875
0 0.2546875 0.4736328125 0.078125 0.072265625
2 0.1578125 0.48828125 0.025 0.046875
2 0.84296875 0.5380859375 0.0671875 0.177734375
1 0.2921875 0.453125 0.01875 0.0546875
1 0.8875 0.4228515625 0.03125 0.029296875
1 0.8625 0.423828125 0.021875 0.02734375
2 0.79375 0.5087890625 0.03125 0.107421875
1 0.72734375 0.48046875 0.0984375 0.3671875
1 0.59453125 0.4716796875 0.0484375 0.212890625
1 0.48203125 0.4423828125 0.0359375 0.076171875
1 0.4453125 0.4755859375 0.053125 0.197265625
1 0.34609375 0.4833984375 0.0578125 0.212890625
0 0.13671875 0.4541015625 0.0296875 0.052734375
0 0.3953125 0.451171875 0.0125 0.01953125
1 0.4140625 0.462890625 0.0125 0.05859375
