0 0.028125 0.5439453125 0.053125 0.107421875
0 0.0953125 0.5029296875 0.040625 0.068359375
0 0.13828125 0.4873046875 0.0859375 0.056640625
0 0.1953125 0.4599609375 0.121875 0.087890625
0 0.325 0.517578125 0.096875 0.09375
0 0.49921875 0.4453125 0.0234375 0.02734375
0 0.6078125 0.509765625 0.075 0.08203125
0 0.66875 0.5390625 0.125 0.109375
0 0.775 0.6103515625 0.196875 0.201171875
0 0.86484375 0.7333984375 0.2546875 0.333984375
0 0.28125 0.4658203125 0.053125 0.044921875
0 0.3640625 0.4619140625 0.046875 0.037109375
0 0.44609375 0.4541015625 0.0265625 0.025390625
0 0.5625 0.4658203125 0.0375 0.044921875
