0 0.9265625 0.427734375 0.075 0.0859375
0 0.74375 0.431640625 0.046875 0.0390625
1 0.0796875 0.427734375 0.034375 0.0703125
1 0.1046875 0.4560546875 0.065625 0.130859375
2 0.06484375 0.498046875 0.0359375 0.0625
2 0.10546875 0.4970703125 0.0671875 0.060546875
2 0.18359375 0.49609375 0.0484375 0.05859375
1 0.1890625 0.455078125 0.034375 0.09765625
2 0.26015625 0.4921875 0.0453125 0.04296875
1 0.25625 0.4501953125 0.028125 0.076171875
1 0.3484375 0.4384765625 0.028125 0.056640625
1 0.32265625 0.44921875 0.0328125 0.11328125
1 0.56015625 0.4306640625 0.0328125 0.076171875
1 0.5265625 0.4326171875 0.028125 0.060546875
1 0.48984375 0.44140625 0.0328125 0.07421875
0 0.040625 0.421875 0.053125 0.04296875
0 0.1734375 0.4189453125 0.153125 0.087890625
2 0.4484375 0.462890625 0.040625 0.05078125
2 0.3890625 0.47265625 0.040625 0.0546875
1 0.3859375 0.4375 0.03125 0.04296875
1 0.45 0.412109375 0.03125 0.0546875
1 0.29921875 0.43359375 0.0328125 0.05078125
2 0.29609375 0.486328125 0.0265625 0.046875
2 0.484375 0.46484375 0.025 0.0390625
