2 0.5453125 0.578125 0.021875 0.08203125
2 0.3234375 0.52734375 0.028125 0.0703125
1 0.59453125 0.51953125 0.0234375 0.109375
1 0.5453125 0.51953125 0.05 0.125
1 0.3265625 0.5009765625 0.025 0.087890625
0 0.9671875 0.5458984375 0.0625 0.111328125
0 0.909375 0.5263671875 0.1125 0.126953125
0 0.77109375 0.4794921875 0.0921875 0.072265625
0 0.69296875 0.53515625 0.1484375 0.14453125
0 0.0359375 0.62109375 0.06875 0.171875
0 0.11796875 0.58203125 0.1609375 0.15625
0 0.2703125 0.509765625 0.1 0.109375
0 0.40234375 0.466796875 0.0265625 0.046875
0 0.42734375 0.462890625 0.0359375 0.0390625
1 0.47421875 0.44921875 0.0140625 0.04296875
1 0.4609375 0.44921875 0.0125 0.04296875
1 0.45078125 0.447265625 0.0109375 0.04296875
0 0.8921875 0.45703125 0.090625 0.0390625
