0 0.03828125 0.63671875 0.0765625 0.17578125
0 0.12734375 0.556640625 0.2046875 0.1875
0 0.234375 0.5244140625 0.05625 0.130859375
0 0.30625 0.5078125 0.05625 0.09375
0 0.58828125 0.48046875 0.0609375 0.0546875
0 0.709375 0.5546875 0.140625 0.16015625
0 0.778125 0.615234375 0.209375 0.19921875
0 0.89453125 0.7666015625 0.2046875 0.458984375
0 0.46953125 0.44921875 0.0265625 0.03515625
0 0.403125 0.4716796875 0.040625 0.056640625
1 0.27109375 0.529296875 0.0328125 0.1171875
1 0.45390625 0.5673828125 0.0671875 0.201171875
1 0.61640625 0.61328125 0.0796875 0.2421875
1 0.36875 0.474609375 0.03125 0.06640625
2 0.45390625 0.62890625 0.0328125 0.12890625
2 0.3671875 0.521484375 0.028125 0.0625
0 0.76328125 0.4599609375 0.0796875 0.037109375
0 0.74765625 0.4501953125 0.0828125 0.044921875
0 0.6484375 0.455078125 0.09375 0.03515625
0 0.57109375 0.466796875 0.0578125 0.05859375
