0 0.09453125 0.51953125 0.1796875 0.1875
0 0.2046875 0.4990234375 0.090625 0.134765625
0 0.34296875 0.466796875 0.0359375 0.03515625
0 0.646875 0.5087890625 0.10625 0.123046875
0 0.76796875 0.587890625 0.2359375 0.22265625
1 0.5296875 0.4794921875 0.01875 0.052734375
1 0.4015625 0.46484375 0.01875 0.046875
0 0.78359375 0.46875 0.1046875 0.0625
1 0.42734375 0.46484375 0.0203125 0.0390625
0 0.44296875 0.4677734375 0.0265625 0.037109375
1 0.55 0.48046875 0.01875 0.0546875
0 0.46953125 0.4716796875 0.0296875 0.033203125
1 0.3625 0.46484375 0.01875 0.0390625
1 0.37890625 0.4638671875 0.0203125 0.041015625
0 0.68125 0.533203125 0.11875 0.125
