1 0.60625 0.4296875 0.0125 0.03515625
1 0.5953125 0.4326171875 0.009375 0.037109375
1 0.5765625 0.43359375 0.0125 0.0390625
1 0.4703125 0.4423828125 0.015625 0.041015625
1 0.45078125 0.4365234375 0.0140625 0.044921875
1 0.40859375 0.44140625 0.0140625 0.04296875
1 0.2453125 0.4365234375 0.0125 0.044921875
1 0.225 0.431640625 0.0125 0.03125
1 0.215625 0.43359375 0.0125 0.03515625
1 0.2015625 0.4365234375 0.0125 0.037109375
1 0.18828125 0.4384765625 0.0140625 0.044921875
1 0.153125 0.4287109375 0.0125 0.037109375
1 0.140625 0.4404296875 0.015625 0.060546875
1 0.12421875 0.44140625 0.0171875 0.08203125
1 0.11015625 0.439453125 0.0140625 0.0703125
1 0.0734375 0.4248046875 0.015625 0.041015625
1 0.0265625 0.427734375 0.025 0.03125
