1 0.109375 0.484375 0.03125 0.109375
2 0.2953125 0.5244140625 0.021875 0.056640625
2 0.94375 0.671875 0.109375 0.1796875
2 0.73203125 0.55859375 0.0390625 0.10546875
2 0.5140625 0.498046875 0.015625 0.05078125
2 0.471875 0.5 0.01875 0.0390625
1 0.59140625 0.474609375 0.0234375 0.0703125
1 0.653125 0.443359375 0.021875 0.015625
0 0.865625 0.5263671875 0.090625 0.181640625
0 0.6453125 0.4912109375 0.090625 0.083984375
0 0.4203125 0.46875 0.05625 0.03125
1 0.9375 0.515625 0.121875 0.25
1 0.7296875 0.5009765625 0.05625 0.173828125
1 0.5140625 0.4521484375 0.01875 0.052734375
1 0.46796875 0.4755859375 0.0234375 0.080078125
1 0.29765625 0.4794921875 0.0328125 0.099609375
