0 0.81015625 0.4638671875 0.0578125 0.083984375
0 0.925 0.4501953125 0.14375 0.146484375
0 0.9515625 0.4892578125 0.0875 0.115234375
1 0.6640625 0.48828125 0.046875 0.12109375
1 0.6921875 0.4755859375 0.046875 0.146484375
1 0.16796875 0.4814453125 0.0171875 0.044921875
1 0.3734375 0.4619140625 0.009375 0.029296875
1 0.3796875 0.4609375 0.009375 0.03125
0 0.64140625 0.4462890625 0.0203125 0.029296875
0 0.73046875 0.45703125 0.0359375 0.0625
1 0.60703125 0.455078125 0.0203125 0.05859375
1 0.55 0.4580078125 0.01875 0.044921875
1 0.12734375 0.490234375 0.0203125 0.03515625
1 0.1109375 0.4931640625 0.021875 0.052734375
