1 0.715625 0.412109375 0.040625 0.078125
1 0.68671875 0.4130859375 0.0421875 0.091796875
0 0.80859375 0.5048828125 0.3796875 0.240234375
0 0.64296875 0.421875 0.0609375 0.11328125
0 0.0609375 0.380859375 0.090625 0.09765625
0 0.22109375 0.412109375 0.1453125 0.12109375
0 0.3578125 0.400390625 0.05 0.0625
0 0.39296875 0.3955078125 0.0359375 0.060546875
1 0.3234375 0.4033203125 0.0375 0.119140625
0 0.5953125 0.4091796875 0.03125 0.056640625
0 0.5859375 0.40234375 0.03125 0.05078125
0 0.421875 0.3984375 0.028125 0.046875
0 0.44921875 0.39453125 0.0203125 0.0390625
0 0.4609375 0.3876953125 0.028125 0.037109375
0 0.1515625 0.388671875 0.06875 0.07421875
0 0.08125 0.3603515625 0.0625 0.087890625
