0 0.27421875 0.4658203125 0.1171875 0.064453125
0 0.14140625 0.4541015625 0.1046875 0.060546875
0 0.55546875 0.474609375 0.0484375 0.04296875
0 0.6265625 0.484375 0.05625 0.05859375
0 0.68828125 0.505859375 0.0921875 0.12109375
0 0.76171875 0.52734375 0.1546875 0.140625
0 0.825 0.5771484375 0.196875 0.177734375
0 0.903125 0.65234375 0.190625 0.31640625
1 0.0609375 0.48828125 0.04375 0.140625
3 0.0234375 0.541015625 0.028125 0.0390625
0 0.0328125 0.451171875 0.053125 0.1015625
0 0.47421875 0.458984375 0.0296875 0.03125
0 0.59609375 0.4775390625 0.0328125 0.044921875
0 0.64375 0.5009765625 0.04375 0.076171875
0 0.440625 0.45703125 0.021875 0.03125
