1 0.909375 0.4892578125 0.040625 0.158203125
1 0.93984375 0.5068359375 0.0328125 0.126953125
1 0.7828125 0.462890625 0.03125 0.04296875
1 0.45390625 0.458984375 0.0203125 0.046875
1 0.60546875 0.462890625 0.0203125 0.05078125
1 0.3 0.474609375 0.0375 0.10546875
1 0.253125 0.4677734375 0.040625 0.091796875
1 0.0234375 0.45703125 0.034375 0.1015625
0 0.2078125 0.44921875 0.03125 0.046875
1 0.4859375 0.4599609375 0.01875 0.037109375
1 0.440625 0.4599609375 0.01875 0.041015625
1 0.43046875 0.4609375 0.0203125 0.0390625
2 0.85859375 0.591796875 0.0828125 0.1796875
1 0.8421875 0.4814453125 0.01875 0.091796875
1 0.80546875 0.46875 0.0203125 0.0625
1 0.6140625 0.4638671875 0.015625 0.048828125
1 0.6296875 0.4619140625 0.015625 0.056640625
0 0.5375 0.45703125 0.021875 0.02734375
2 0.79921875 0.5673828125 0.0453125 0.072265625
0 0.16015625 0.4482421875 0.0296875 0.052734375
