0 0.56875 0.447265625 0.0625 0.078125
0 0.58515625 0.4677734375 0.0453125 0.064453125
0 0.69609375 0.4453125 0.0765625 0.09765625
1 0.52578125 0.4638671875 0.0265625 0.115234375
1 0.4515625 0.466796875 0.028125 0.1171875
1 0.41640625 0.46875 0.0421875 0.1171875
1 0.76171875 0.5 0.0734375 0.3046875
1 0.8078125 0.4052734375 0.040625 0.138671875
1 0.9265625 0.50390625 0.046875 0.28515625
1 0.89453125 0.45703125 0.0484375 0.2421875
1 0.865625 0.5830078125 0.184375 0.525390625
0 0.32421875 0.48046875 0.0859375 0.0859375
1 0.146875 0.455078125 0.01875 0.0390625
