1 0.8359375 0.5 0.071875 0.109375
1 0.828125 0.599609375 0.078125 0.25
0 0.9203125 0.6826171875 0.153125 0.333984375
0 0.7546875 0.525390625 0.134375 0.16015625
0 0.69296875 0.5126953125 0.0609375 0.107421875
0 0.6359375 0.49609375 0.040625 0.06640625
0 0.60546875 0.484375 0.0453125 0.046875
0 0.54140625 0.4599609375 0.0328125 0.033203125
0 0.296875 0.4599609375 0.096875 0.060546875
0 0.2109375 0.4443359375 0.075 0.068359375
0 0.20859375 0.4609375 0.0515625 0.0625
0 0.0953125 0.455078125 0.13125 0.08203125
1 0.40625 0.4599609375 0.021875 0.044921875
0 0.1421875 0.4541015625 0.10625 0.076171875
0 0.48515625 0.45703125 0.0234375 0.0234375
0 0.38125 0.4580078125 0.034375 0.033203125
0 0.59453125 0.4716796875 0.0453125 0.044921875
0 0.65859375 0.5068359375 0.0578125 0.087890625
