0 0.42421875 0.478515625 0.0546875 0.05078125
0 0.80703125 0.4619140625 0.0546875 0.076171875
0 0.925 0.4501953125 0.140625 0.146484375
0 0.95 0.4873046875 0.096875 0.130859375
1 0.70546875 0.462890625 0.0265625 0.1015625
1 0.684375 0.4658203125 0.025 0.103515625
1 0.659375 0.4697265625 0.028125 0.095703125
1 0.09140625 0.4736328125 0.0234375 0.025390625
1 0.1109375 0.4921875 0.025 0.0625
1 0.5953125 0.4609375 0.021875 0.05859375
0 0.728125 0.462890625 0.0375 0.0625
1 0.5578125 0.4580078125 0.01875 0.044921875
1 0.63515625 0.44921875 0.0203125 0.05078125
1 0.12734375 0.4873046875 0.0234375 0.037109375
1 0.371875 0.4677734375 0.01875 0.037109375
