1 0.659375 0.466796875 0.028125 0.08203125
1 0.6359375 0.4609375 0.028125 0.0859375
0 0.8078125 0.4619140625 0.05625 0.076171875
0 0.92421875 0.4482421875 0.1484375 0.146484375
0 0.94765625 0.486328125 0.0890625 0.109375
1 0.171875 0.482421875 0.01875 0.0390625
1 0.1125 0.4892578125 0.01875 0.052734375
1 0.5515625 0.458984375 0.01875 0.046875
1 0.61640625 0.462890625 0.0203125 0.0703125
1 0.12890625 0.4892578125 0.0203125 0.033203125
0 0.73046875 0.458984375 0.0359375 0.046875
0 0.371875 0.4638671875 0.0375 0.029296875
