0 0.078125 0.5673828125 0.146875 0.197265625
0 0.19921875 0.54296875 0.1453125 0.140625
0 0.3234375 0.5234375 0.0875 0.0859375
0 0.3796875 0.51171875 0.053125 0.0625
0 0.6453125 0.541015625 0.0625 0.08984375
0 0.7046875 0.5615234375 0.10625 0.107421875
0 0.86796875 0.6005859375 0.2484375 0.283203125
0 0.93046875 0.6904296875 0.1265625 0.314453125
1 0.5953125 0.5234375 0.034375 0.09375
1 0.5203125 0.515625 0.03125 0.1015625
2 0.59921875 0.5537109375 0.0234375 0.060546875
2 0.51796875 0.546875 0.0234375 0.05859375
0 0.4140625 0.509765625 0.034375 0.04296875
0 0.43203125 0.5029296875 0.0328125 0.044921875
0 0.4578125 0.498046875 0.028125 0.03515625
