2 0.61015625 0.4921875 0.0171875 0.0390625
1 0.6109375 0.4580078125 0.0125 0.029296875
0 0.66953125 0.474609375 0.0265625 0.0234375
0 0.63671875 0.4755859375 0.0296875 0.025390625
0 0.46171875 0.4580078125 0.0265625 0.025390625
0 0.446875 0.4609375 0.025 0.0234375
0 0.42421875 0.4560546875 0.0203125 0.025390625
0 0.39765625 0.453125 0.0296875 0.0234375
0 0.35625 0.45703125 0.03125 0.02734375
0 0.31015625 0.470703125 0.0734375 0.05859375
0 0.22109375 0.4541015625 0.0671875 0.029296875
0 0.16875 0.4501953125 0.028125 0.025390625
0 0.13359375 0.453125 0.0578125 0.02734375
0 0.040625 0.4716796875 0.078125 0.095703125
