0 0.2265625 0.490234375 0.115625 0.12109375
0 0.30859375 0.466796875 0.0578125 0.0625
0 0.346875 0.4638671875 0.028125 0.037109375
0 0.646875 0.4833984375 0.034375 0.072265625
0 0.59453125 0.4755859375 0.0359375 0.068359375
1 0.96328125 0.5146484375 0.0703125 0.208984375
2 0.9640625 0.60546875 0.0625 0.140625
1 0.83828125 0.501953125 0.0671875 0.1484375
2 0.84375 0.572265625 0.08125 0.0859375
1 0.671875 0.482421875 0.03125 0.09765625
2 0.671875 0.5283203125 0.0375 0.056640625
2 0.621875 0.5185546875 0.04375 0.041015625
1 0.61953125 0.4736328125 0.0328125 0.099609375
2 0.56796875 0.509765625 0.0203125 0.0390625
1 0.5671875 0.470703125 0.025 0.07421875
2 0.1125 0.501953125 0.053125 0.08984375
1 0.54453125 0.4716796875 0.0234375 0.068359375
