0 0.16953125 0.552734375 0.1765625 0.1484375
0 0.3171875 0.494140625 0.0875 0.08203125
0 0.36328125 0.47265625 0.0359375 0.05859375
0 0.553125 0.455078125 0.04375 0.06640625
0 0.6296875 0.474609375 0.09375 0.10546875
0 0.7203125 0.52734375 0.159375 0.14453125
0 0.78671875 0.6005859375 0.2171875 0.197265625
0 0.8875 0.740234375 0.21875 0.36328125
0 0.0796875 0.47265625 0.13125 0.078125
1 0.02421875 0.6591796875 0.0453125 0.314453125
1 0.49921875 0.4560546875 0.0203125 0.068359375
0 0.1703125 0.4580078125 0.059375 0.037109375
0 0.38359375 0.4658203125 0.0265625 0.052734375
0 0.3953125 0.4521484375 0.04375 0.056640625
0 0.42265625 0.44921875 0.0203125 0.03515625
0 0.4328125 0.4453125 0.021875 0.03515625
1 0.4515625 0.4521484375 0.021875 0.072265625
1 0.53515625 0.4599609375 0.0265625 0.056640625
