0 0.06796875 0.625 0.1328125 0.203125
1 0.20390625 0.55078125 0.0484375 0.1328125
0 0.1546875 0.5576171875 0.078125 0.146484375
0 0.2390625 0.53515625 0.0625 0.09765625
0 0.26328125 0.5078125 0.1015625 0.125
0 0.31875 0.494140625 0.05625 0.09375
0 0.34921875 0.490234375 0.0421875 0.06640625
0 0.375 0.47265625 0.040625 0.0625
0 0.6 0.4716796875 0.059375 0.064453125
0 0.6015625 0.501953125 0.034375 0.06640625
0 0.6515625 0.51171875 0.1 0.09765625
0 0.684375 0.552734375 0.128125 0.12109375
0 0.79375 0.607421875 0.23125 0.2109375
0 0.428125 0.4482421875 0.025 0.041015625
0 0.415625 0.4580078125 0.021875 0.041015625
0 0.44375 0.4462890625 0.021875 0.033203125
0 0.54765625 0.4501953125 0.0359375 0.041015625
0 0.56796875 0.462890625 0.0421875 0.0546875
1 0.52734375 0.451171875 0.0203125 0.04296875
1 0.51171875 0.4462890625 0.0203125 0.041015625
