1 0.6625 0.5078125 0.059375 0.171875
1 0.725 0.53125 0.059375 0.19140625
2 0.72578125 0.58984375 0.0421875 0.109375
2 0.65859375 0.5654296875 0.0265625 0.087890625
0 0.78046875 0.537109375 0.0828125 0.12109375
0 0.95625 0.6796875 0.084375 0.23046875
0 0.04921875 0.5556640625 0.0953125 0.283203125
0 0.30859375 0.5078125 0.1359375 0.1015625
0 0.378125 0.486328125 0.06875 0.09765625
0 0.43828125 0.482421875 0.0515625 0.05078125
0 0.46328125 0.4697265625 0.0421875 0.052734375
0 0.62890625 0.4833984375 0.0265625 0.041015625
0 0.515625 0.4677734375 0.025 0.029296875
0 0.596875 0.470703125 0.01875 0.02734375
0 0.13984375 0.5 0.1296875 0.10546875
