0 0.565625 0.4853515625 0.05 0.072265625
0 0.60234375 0.48828125 0.0546875 0.08984375
0 0.66015625 0.5 0.1328125 0.1171875
1 0.06875 0.4697265625 0.021875 0.076171875
1 0.17734375 0.4716796875 0.0203125 0.060546875
1 0.1625 0.4736328125 0.01875 0.060546875
1 0.528125 0.455078125 0.01875 0.03515625
1 0.4984375 0.4541015625 0.01875 0.041015625
1 0.29296875 0.4580078125 0.0203125 0.037109375
1 0.3078125 0.4560546875 0.01875 0.037109375
1 0.12578125 0.470703125 0.0265625 0.078125
1 0.08671875 0.470703125 0.0203125 0.0625
