0 0.9640625 0.5771484375 0.06875 0.205078125
0 0.88671875 0.5185546875 0.2234375 0.193359375
1 0.740625 0.5087890625 0.075 0.259765625
0 0.69921875 0.515625 0.0359375 0.109375
0 0.6734375 0.4892578125 0.078125 0.119140625
0 0.659375 0.48046875 0.0875 0.109375
0 0.63828125 0.46484375 0.1203125 0.10546875
0 0.56328125 0.48046875 0.0296875 0.08203125
0 0.54296875 0.47265625 0.0234375 0.06640625
1 0.5203125 0.4755859375 0.021875 0.091796875
1 0.5015625 0.474609375 0.025 0.078125
0 0.43125 0.478515625 0.121875 0.16015625
0 0.3375 0.4794921875 0.08125 0.076171875
0 0.27578125 0.4677734375 0.0671875 0.091796875
0 0.27734375 0.509765625 0.0390625 0.06640625
0 0.1453125 0.48046875 0.2375 0.16796875
0 0.0953125 0.515625 0.184375 0.1796875
0 0.05234375 0.5400390625 0.1046875 0.212890625
0 0.821875 0.47265625 0.125 0.1171875
