0 0.4640625 0.4580078125 0.034375 0.029296875
0 0.55546875 0.470703125 0.0453125 0.04296875
0 0.75859375 0.4775390625 0.0578125 0.056640625
1 0.15234375 0.46875 0.0296875 0.0703125
1 0.121875 0.46484375 0.0375 0.078125
1 0.6125 0.46875 0.021875 0.0546875
1 0.65 0.505859375 0.040625 0.125
1 0.678125 0.53125 0.05 0.109375
1 0.7828125 0.5087890625 0.053125 0.119140625
1 0.8765625 0.5048828125 0.028125 0.115234375
1 0.9265625 0.51953125 0.040625 0.14453125
1 0.9609375 0.533203125 0.0625 0.1875
1 0.29296875 0.453125 0.0203125 0.03125
1 0.6 0.4697265625 0.021875 0.056640625
1 0.725 0.4833984375 0.01875 0.076171875
1 0.8375 0.50390625 0.03125 0.1328125
