0 0.39609375 0.5009765625 0.1359375 0.095703125
0 0.8109375 0.466796875 0.059375 0.06640625
0 0.925 0.4501953125 0.140625 0.146484375
0 0.95 0.482421875 0.09375 0.1328125
1 0.73984375 0.47265625 0.0484375 0.13671875
1 0.703125 0.478515625 0.040625 0.1328125
1 0.61171875 0.4677734375 0.0234375 0.068359375
1 0.63203125 0.453125 0.0203125 0.0625
1 0.5546875 0.455078125 0.021875 0.05078125
1 0.0453125 0.494140625 0.028125 0.0703125
1 0.02890625 0.4951171875 0.0265625 0.068359375
1 0.12578125 0.486328125 0.0234375 0.03515625
1 0.66328125 0.4365234375 0.0203125 0.044921875
1 0.5875 0.45703125 0.01875 0.05078125
0 0.646875 0.44921875 0.01875 0.03515625
