0 0.06484375 0.75390625 0.1234375 0.296875
0 0.096875 0.6015625 0.184375 0.16796875
0 0.20546875 0.578125 0.0734375 0.1171875
0 0.27109375 0.5595703125 0.0921875 0.087890625
0 0.36015625 0.5400390625 0.0453125 0.037109375
0 0.5890625 0.5615234375 0.075 0.087890625
0 0.59609375 0.57421875 0.0546875 0.0859375
0 0.646875 0.6103515625 0.115625 0.119140625
1 0.95078125 0.521484375 0.0234375 0.0703125
0 0.396875 0.5390625 0.028125 0.03125
0 0.54921875 0.5478515625 0.0359375 0.044921875
0 0.53359375 0.5478515625 0.0234375 0.037109375
0 0.47890625 0.5234375 0.0203125 0.0234375
