0 0.225 0.5576171875 0.159375 0.134765625
0 0.29375 0.5146484375 0.0875 0.072265625
0 0.3296875 0.49609375 0.084375 0.08203125
0 0.3875 0.4765625 0.0625 0.05859375
0 0.50546875 0.451171875 0.0453125 0.0390625
0 0.7578125 0.548828125 0.153125 0.15234375
0 0.6734375 0.517578125 0.059375 0.0859375
0 0.6296875 0.4814453125 0.0625 0.056640625
0 0.92109375 0.7568359375 0.1453125 0.287109375
0 0.8828125 0.5087890625 0.059375 0.083984375
0 0.91015625 0.447265625 0.0921875 0.05078125
0 0.81875 0.47265625 0.0875 0.0703125
0 0.5984375 0.45703125 0.05 0.05078125
0 0.43359375 0.4658203125 0.0328125 0.041015625
0 0.26875 0.4521484375 0.084375 0.044921875
0 0.24765625 0.4638671875 0.0546875 0.044921875
0 0.221875 0.4638671875 0.04375 0.044921875
