0 0.9140625 0.4375 0.0375 0.04296875
0 0.74453125 0.4541015625 0.0359375 0.041015625
1 0.68046875 0.455078125 0.0203125 0.04296875
1 0.6546875 0.4638671875 0.021875 0.044921875
0 0.6484375 0.4638671875 0.034375 0.037109375
0 0.5203125 0.4736328125 0.0375 0.037109375
0 0.4515625 0.470703125 0.053125 0.0546875
0 0.41875 0.462890625 0.025 0.03515625
0 0.15234375 0.4921875 0.0859375 0.08203125
0 0.35546875 0.470703125 0.0296875 0.03515625
0 0.32421875 0.4755859375 0.0328125 0.033203125
0 0.28671875 0.478515625 0.0453125 0.046875
0 0.253125 0.4794921875 0.028125 0.037109375
1 0.95703125 0.4287109375 0.0203125 0.052734375
0 0.875 0.443359375 0.04375 0.04296875
