0 0.5421875 0.490234375 0.08125 0.08203125
0 0.50078125 0.4814453125 0.0265625 0.064453125
0 0.5109375 0.4697265625 0.065625 0.076171875
0 0.475 0.466796875 0.021875 0.0546875
0 0.459375 0.466796875 0.021875 0.02734375
0 0.4515625 0.455078125 0.025 0.0390625
0 0.41796875 0.4521484375 0.0203125 0.025390625
0 0.38515625 0.4609375 0.0140625 0.015625
0 0.37265625 0.462890625 0.0109375 0.015625
0 0.3359375 0.4609375 0.071875 0.09375
0 0.2875 0.478515625 0.03125 0.04296875
0 0.265625 0.4482421875 0.01875 0.033203125
0 0.24140625 0.44921875 0.0234375 0.03515625
0 0.21328125 0.4453125 0.0265625 0.04296875
0 0.1890625 0.4462890625 0.025 0.041015625
0 0.16640625 0.44921875 0.0203125 0.0390625
0 0.14453125 0.4443359375 0.0234375 0.044921875
0 0.12421875 0.439453125 0.0203125 0.04296875
0 0.0765625 0.4443359375 0.075 0.052734375
