0 0.309375 0.5302734375 0.11875 0.107421875
0 0.3671875 0.5087890625 0.046875 0.068359375
0 0.634375 0.482421875 0.0625 0.05859375
0 0.953125 0.5087890625 0.0875 0.119140625
0 0.97109375 0.5419921875 0.0546875 0.123046875
0 0.89296875 0.505859375 0.0578125 0.078125
1 0.8046875 0.5654296875 0.04375 0.154296875
0 0.39140625 0.5 0.0328125 0.05859375
0 0.409375 0.4921875 0.028125 0.046875
0 0.428125 0.48828125 0.03125 0.046875
0 0.44375 0.48046875 0.028125 0.04296875
0 0.46171875 0.4736328125 0.0234375 0.037109375
