1 0.5421875 0.45703125 0.01875 0.05859375
0 0.8828125 0.693359375 0.23125 0.37109375
0 0.7609375 0.591796875 0.18125 0.1875
0 0.70234375 0.5390625 0.1171875 0.10546875
0 0.66875 0.5068359375 0.103125 0.119140625
0 0.6171875 0.4912109375 0.05 0.099609375
0 0.3859375 0.4609375 0.046875 0.0703125
0 0.36171875 0.4775390625 0.0453125 0.060546875
0 0.3421875 0.48828125 0.034375 0.06640625
0 0.3078125 0.5 0.053125 0.07421875
0 0.278125 0.509765625 0.075 0.09765625
0 0.1890625 0.529296875 0.178125 0.14453125
1 0.015625 0.4951171875 0.028125 0.083984375
0 0.06796875 0.6279296875 0.1359375 0.220703125
0 0.4109375 0.458984375 0.025 0.0390625
0 0.41875 0.4482421875 0.028125 0.037109375
0 0.58203125 0.4697265625 0.0578125 0.068359375
1 0.52734375 0.45703125 0.0203125 0.0546875
