1 0.43515625 0.46875 0.0203125 0.05859375
0 0.5203125 0.4677734375 0.021875 0.041015625
0 0.38828125 0.4599609375 0.0234375 0.025390625
2 0.596875 0.4951171875 0.034375 0.060546875
2 0.24140625 0.486328125 0.0140625 0.046875
1 0.49921875 0.46875 0.0203125 0.05859375
1 0.675 0.4453125 0.009375 0.02734375
1 0.6609375 0.4453125 0.009375 0.0234375
2 0.678125 0.50390625 0.03125 0.046875
0 0.46796875 0.462890625 0.0453125 0.05078125
1 0.346875 0.4560546875 0.009375 0.029296875
2 0.2234375 0.4873046875 0.01875 0.048828125
2 0.21015625 0.484375 0.0140625 0.046875
1 0.19140625 0.48046875 0.0203125 0.0703125
2 0.72109375 0.482421875 0.0328125 0.03515625
2 0.1453125 0.490234375 0.028125 0.0625
