0 0.38984375 0.501953125 0.0515625 0.046875
0 0.54375 0.6376953125 0.3125 0.322265625
1 0.0890625 0.498046875 0.025 0.0546875
1 0.79140625 0.5966796875 0.0765625 0.224609375
1 0.80703125 0.482421875 0.0265625 0.05078125
1 0.8421875 0.4931640625 0.028125 0.052734375
1 0.93359375 0.4951171875 0.0234375 0.033203125
1 0.259375 0.5 0.015625 0.05859375
1 0.2671875 0.498046875 0.015625 0.05859375
1 0.32578125 0.482421875 0.0140625 0.02734375
0 0.48359375 0.501953125 0.1140625 0.08984375
2 0.7859375 0.6611328125 0.0625 0.134765625
