1 0.50859375 0.474609375 0.0234375 0.078125
1 0.53515625 0.46875 0.0359375 0.08984375
1 0.16875 0.4853515625 0.01875 0.052734375
0 0.8109375 0.4619140625 0.05625 0.076171875
0 0.925 0.44921875 0.146875 0.140625
0 0.953125 0.490234375 0.090625 0.1171875
1 0.128125 0.4853515625 0.01875 0.033203125
1 0.38515625 0.4599609375 0.0109375 0.029296875
1 0.5734375 0.4658203125 0.021875 0.064453125
1 0.59453125 0.4619140625 0.0265625 0.060546875
1 0.61953125 0.4619140625 0.0203125 0.076171875
0 0.64453125 0.447265625 0.0203125 0.03125
1 0.675 0.4287109375 0.025 0.029296875
0 0.7296875 0.45703125 0.034375 0.0546875
