1 0.0359375 0.55078125 0.0625 0.2421875
0 0.1078125 0.517578125 0.1 0.16796875
0 0.18125 0.5078125 0.1 0.12890625
0 0.25234375 0.5078125 0.0796875 0.08984375
0 0.309375 0.4990234375 0.0625 0.068359375
0 0.37890625 0.48046875 0.0546875 0.05078125
0 0.80703125 0.48046875 0.1078125 0.109375
0 0.88359375 0.4775390625 0.0921875 0.123046875
1 0.43359375 0.4765625 0.0234375 0.0625
0 0.409375 0.4765625 0.025 0.0390625
0 0.4515625 0.4716796875 0.021875 0.033203125
0 0.46171875 0.46875 0.0234375 0.02734375
0 0.57890625 0.4658203125 0.0328125 0.033203125
0 0.48046875 0.4599609375 0.0234375 0.025390625
0 0.49140625 0.4580078125 0.0203125 0.025390625
1 0.5375 0.46484375 0.0125 0.0234375
0 0.75078125 0.4697265625 0.0515625 0.044921875
0 0.9453125 0.474609375 0.09375 0.14453125
0 0.64296875 0.462890625 0.0234375 0.0390625
1 0.54921875 0.4619140625 0.0140625 0.041015625
