1 0.26328125 0.44921875 0.0265625 0.07421875
1 0.2453125 0.4716796875 0.034375 0.119140625
1 0.47890625 0.482421875 0.0453125 0.15625
3 0.54921875 0.541015625 0.0296875 0.03515625
1 0.653125 0.5263671875 0.08125 0.291015625
2 0.2515625 0.5078125 0.021875 0.0703125
0 0.9640625 0.541015625 0.06875 0.30078125
0 0.8765625 0.5322265625 0.2 0.201171875
0 0.77734375 0.5234375 0.1609375 0.15625
0 0.75390625 0.4599609375 0.1765625 0.091796875
0 0.5953125 0.513671875 0.08125 0.1015625
0 0.56171875 0.4853515625 0.1390625 0.119140625
0 0.434375 0.4775390625 0.065625 0.083984375
0 0.14375 0.4736328125 0.09375 0.083984375
0 0.07578125 0.4970703125 0.1515625 0.166015625
0 0.3921875 0.4716796875 0.05 0.060546875
0 0.03125 0.3779296875 0.0625 0.064453125
1 0.33125 0.4638671875 0.021875 0.056640625
1 0.30859375 0.466796875 0.0234375 0.0546875
