0 0.91171875 0.4990234375 0.1734375 0.466796875
0 0.64140625 0.501953125 0.0890625 0.0859375
0 0.596875 0.482421875 0.046875 0.07421875
0 0.55625 0.47265625 0.053125 0.06640625
0 0.5265625 0.470703125 0.025 0.046875
0 0.50625 0.4599609375 0.025 0.025390625
0 0.48125 0.47265625 0.028125 0.0390625
0 0.43828125 0.45703125 0.0171875 0.015625
0 0.4 0.4716796875 0.053125 0.056640625
0 0.35703125 0.4775390625 0.0234375 0.041015625
0 0.3234375 0.482421875 0.059375 0.046875
1 0.15 0.4833984375 0.0375 0.111328125
2 0.146875 0.537109375 0.040625 0.05859375
