2 0.94375 0.6005859375 0.109375 0.166015625
2 0.6609375 0.509765625 0.04375 0.1015625
2 0.75 0.513671875 0.040625 0.09765625
1 0.615625 0.4716796875 0.025 0.076171875
1 0.61796875 0.4423828125 0.0234375 0.037109375
1 0.4359375 0.4658203125 0.01875 0.048828125
0 0.11953125 0.494140625 0.1234375 0.08984375
0 0.240625 0.48046875 0.06875 0.05859375
0 0.27734375 0.4765625 0.0359375 0.046875
0 0.33984375 0.4677734375 0.0328125 0.037109375
2 0.71953125 0.5107421875 0.0296875 0.099609375
2 0.6921875 0.509765625 0.028125 0.10546875
1 0.309375 0.4560546875 0.015625 0.029296875
2 0.3078125 0.484375 0.015625 0.03125
