2 0.85703125 0.5859375 0.0796875 0.15234375
2 0.534375 0.498046875 0.01875 0.0546875
2 0.490625 0.498046875 0.01875 0.0546875
1 0.72421875 0.4765625 0.0359375 0.11328125
0 0.9484375 0.53125 0.1 0.19140625
1 0.11640625 0.4609375 0.0328125 0.08984375
1 0.24296875 0.4638671875 0.0171875 0.052734375
0 0.8046875 0.439453125 0.01875 0.0234375
2 0.2140625 0.486328125 0.025 0.05078125
1 0.85546875 0.5048828125 0.0796875 0.255859375
2 0.68828125 0.4892578125 0.0203125 0.064453125
2 0.6484375 0.4833984375 0.034375 0.068359375
2 0.63828125 0.5048828125 0.0265625 0.041015625
1 0.621875 0.4462890625 0.015625 0.029296875
1 0.5984375 0.455078125 0.009375 0.03125
1 0.58046875 0.44921875 0.0109375 0.02734375
1 0.5359375 0.4599609375 0.021875 0.099609375
1 0.48984375 0.470703125 0.0234375 0.0859375
0 0.46171875 0.45703125 0.0203125 0.0234375
2 0.29609375 0.4794921875 0.0234375 0.037109375
2 0.2828125 0.4814453125 0.021875 0.041015625
2 0.17578125 0.51171875 0.0234375 0.0546875
2 0.15546875 0.509765625 0.0234375 0.06640625
