1 0.28046875 0.478515625 0.0484375 0.12890625
1 0.70390625 0.466796875 0.0265625 0.10546875
1 0.73125 0.466796875 0.03125 0.1171875
0 0.1921875 0.48046875 0.103125 0.08984375
0 0.25234375 0.4716796875 0.0484375 0.068359375
0 0.378125 0.4677734375 0.0375 0.029296875
0 0.4125 0.4677734375 0.034375 0.041015625
1 0.83984375 0.4716796875 0.0328125 0.138671875
1 0.86953125 0.4697265625 0.0328125 0.138671875
1 0.903125 0.46484375 0.0375 0.1484375
1 0.78984375 0.4697265625 0.0265625 0.119140625
1 0.7734375 0.48046875 0.028125 0.13671875
1 0.75390625 0.46875 0.0234375 0.12109375
1 0.01171875 0.490234375 0.0234375 0.09765625
