2 0.159375 0.517578125 0.06875 0.14453125
1 0.1671875 0.4716796875 0.078125 0.181640625
1 0.78046875 0.421875 0.0265625 0.09765625
1 0.840625 0.4453125 0.028125 0.1328125
1 0.8625 0.443359375 0.034375 0.140625
1 0.890625 0.4443359375 0.025 0.154296875
0 0.57265625 0.4248046875 0.0296875 0.033203125
0 0.42890625 0.4169921875 0.0328125 0.044921875
1 0.290625 0.4072265625 0.01875 0.056640625
1 0.26953125 0.419921875 0.0234375 0.05859375
1 0.48515625 0.412109375 0.0140625 0.03125
1 0.50390625 0.4130859375 0.0140625 0.029296875
0 0.4484375 0.4150390625 0.01875 0.033203125
0 0.4578125 0.4140625 0.01875 0.03125
