0 0.88359375 0.623046875 0.2296875 0.47265625
0 0.71640625 0.4951171875 0.1484375 0.158203125
0 0.6328125 0.490234375 0.059375 0.08203125
0 0.5984375 0.458984375 0.05 0.05859375
1 0.5484375 0.4091796875 0.0125 0.037109375
0 0.55390625 0.3857421875 0.0265625 0.025390625
0 0.4765625 0.3896484375 0.025 0.025390625
0 0.5234375 0.4794921875 0.065625 0.072265625
0 0.43125 0.4404296875 0.0375 0.044921875
0 0.3984375 0.47265625 0.046875 0.0546875
0 0.34296875 0.5078125 0.0953125 0.0859375
0 0.17734375 0.51953125 0.2171875 0.19140625
