0 0.95625 0.49609375 0.08125 0.05078125
0 0.89765625 0.5107421875 0.0296875 0.025390625
1 0.790625 0.509765625 0.034375 0.09765625
1 0.765625 0.5048828125 0.021875 0.095703125
1 0.740625 0.50390625 0.0375 0.08984375
1 0.43125 0.4775390625 0.021875 0.064453125
1 0.38125 0.4794921875 0.025 0.072265625
1 0.3609375 0.4736328125 0.021875 0.068359375
1 0.2734375 0.4951171875 0.03125 0.076171875
0 0.5734375 0.482421875 0.0875 0.05078125
1 0.3375 0.4765625 0.025 0.0625
1 0.3984375 0.46875 0.01875 0.0546875
0 0.459375 0.48046875 0.040625 0.04296875
2 0.2765625 0.5263671875 0.021875 0.060546875
