0 0.82109375 0.5751953125 0.2578125 0.193359375
0 0.65390625 0.5361328125 0.0796875 0.142578125
0 0.59609375 0.517578125 0.0421875 0.078125
0 0.56796875 0.5166015625 0.0203125 0.072265625
0 0.5515625 0.5234375 0.01875 0.046875
0 0.53125 0.505859375 0.021875 0.02734375
0 0.45390625 0.5390625 0.1421875 0.14453125
0 0.365625 0.5087890625 0.034375 0.041015625
1 0.3125 0.5 0.01875 0.0390625
0 0.2703125 0.515625 0.053125 0.0625
0 0.209375 0.498046875 0.075 0.1015625
0 0.0890625 0.5126953125 0.159375 0.123046875
