0 0.1890625 0.4326171875 0.071875 0.060546875
1 0.24296875 0.423828125 0.0203125 0.06640625
1 0.26015625 0.4169921875 0.0203125 0.072265625
1 0.30234375 0.466796875 0.0421875 0.15234375
1 0.34140625 0.498046875 0.0421875 0.1484375
1 0.36953125 0.4638671875 0.0265625 0.134765625
1 0.4125 0.4990234375 0.034375 0.181640625
1 0.453125 0.4931640625 0.05 0.177734375
1 0.50859375 0.5078125 0.0421875 0.1796875
1 0.54140625 0.4931640625 0.0296875 0.150390625
1 0.5859375 0.50390625 0.065625 0.19140625
1 0.6375 0.509765625 0.06875 0.16796875
1 0.859375 0.525390625 0.103125 0.21875
0 0.71796875 0.42578125 0.0859375 0.03515625
1 0.3984375 0.4580078125 0.028125 0.107421875
1 0.48671875 0.4296875 0.0265625 0.0625
1 0.52734375 0.4501953125 0.0203125 0.076171875
