1 0.7703125 0.4833984375 0.034375 0.130859375
1 0.7328125 0.4765625 0.040625 0.1484375
1 0.6578125 0.474609375 0.040625 0.10546875
1 0.7046875 0.4677734375 0.028125 0.103515625
1 0.584375 0.4677734375 0.021875 0.072265625
1 0.609375 0.4580078125 0.01875 0.064453125
0 0.81328125 0.458984375 0.0515625 0.0703125
0 0.9265625 0.4462890625 0.140625 0.138671875
0 0.95078125 0.4873046875 0.0921875 0.107421875
0 0.41796875 0.4775390625 0.0546875 0.056640625
0 0.44765625 0.4609375 0.0296875 0.03125
1 0.5578125 0.4609375 0.0125 0.05078125
1 0.54765625 0.4609375 0.0109375 0.05078125
1 0.38203125 0.4619140625 0.0109375 0.029296875
1 0.1671875 0.48046875 0.015625 0.04296875
1 0.12734375 0.4873046875 0.0203125 0.029296875
1 0.11171875 0.4892578125 0.0203125 0.052734375
