1 0.7859375 0.4755859375 0.03125 0.107421875
1 0.32421875 0.4814453125 0.0421875 0.103515625
1 0.2375 0.4462890625 0.01875 0.068359375
1 0.25625 0.451171875 0.025 0.08203125
2 0.328125 0.50390625 0.03125 0.08203125
1 0.48828125 0.4462890625 0.0140625 0.025390625
1 0.503125 0.447265625 0.0125 0.02734375
1 0.80546875 0.4765625 0.0234375 0.10546875
1 0.81171875 0.43359375 0.0234375 0.046875
0 0.56875 0.45703125 0.028125 0.03125
0 0.43515625 0.4501953125 0.0234375 0.041015625
2 0.0984375 0.4765625 0.028125 0.0390625
1 0.15625 0.4326171875 0.01875 0.041015625
0 0.4484375 0.453125 0.015625 0.03125
1 0.728125 0.453125 0.03125 0.0625
