1 0.0234375 0.474609375 0.0375 0.14453125
1 0.38125 0.458984375 0.015625 0.0390625
1 0.3453125 0.4609375 0.015625 0.0546875
1 0.22109375 0.4599609375 0.0171875 0.060546875
2 0.1125 0.5595703125 0.05625 0.087890625
2 0.0546875 0.517578125 0.021875 0.05859375
2 0.3796875 0.494140625 0.015625 0.03125
2 0.8890625 0.529296875 0.0375 0.08984375
2 0.7515625 0.5068359375 0.034375 0.080078125
2 0.6921875 0.505859375 0.03125 0.08203125
2 0.19765625 0.509765625 0.0546875 0.04296875
0 0.6125 0.490234375 0.084375 0.07421875
0 0.4890625 0.5107421875 0.16875 0.162109375
2 0.85625 0.517578125 0.0375 0.1171875
2 0.66875 0.505859375 0.021875 0.06640625
0 0.41875 0.45703125 0.025 0.02734375
0 0.39921875 0.4609375 0.0203125 0.03515625
1 0.3265625 0.46875 0.01875 0.0625
1 0.30234375 0.46875 0.0203125 0.05859375
1 0.1859375 0.4599609375 0.03125 0.056640625
1 0.1640625 0.4443359375 0.01875 0.037109375
1 0.115625 0.44921875 0.046875 0.12890625
2 0.01640625 0.521484375 0.0265625 0.04296875
