0 0.05859375 0.5673828125 0.1171875 0.220703125
0 0.20546875 0.462890625 0.0703125 0.0546875
0 0.34140625 0.458984375 0.0765625 0.046875
0 0.27890625 0.44140625 0.0546875 0.046875
0 0.71015625 0.5078125 0.1015625 0.109375
0 0.615625 0.4755859375 0.0375 0.044921875
0 0.640625 0.4921875 0.040625 0.046875
0 0.8125 0.56640625 0.18125 0.15234375
0 0.9015625 0.642578125 0.19375 0.28125
1 0.76328125 0.494140625 0.0328125 0.09765625
1 0.728125 0.5283203125 0.0375 0.126953125
0 0.565625 0.46875 0.03125 0.03125
1 0.4421875 0.462890625 0.015625 0.0390625
0 0.228125 0.4560546875 0.059375 0.064453125
0 0.27421875 0.4638671875 0.0484375 0.052734375
0 0.51015625 0.4580078125 0.0203125 0.021484375
0 0.6578125 0.49609375 0.0375 0.06640625
0 0.4171875 0.458984375 0.034375 0.02734375
