1 0.6984375 0.47265625 0.021875 0.0625
1 0.7203125 0.4736328125 0.025 0.095703125
1 0.75546875 0.4755859375 0.0296875 0.076171875
1 0.8171875 0.4794921875 0.03125 0.083984375
1 0.8515625 0.4833984375 0.0375 0.123046875
1 0.921875 0.4521484375 0.03125 0.056640625
1 0.02890625 0.478515625 0.0203125 0.078125
1 0.04765625 0.47265625 0.0203125 0.06640625
0 0.32890625 0.4814453125 0.0703125 0.072265625
0 0.221875 0.5107421875 0.15 0.123046875
0 0.434375 0.4970703125 0.165625 0.185546875
1 0.10078125 0.486328125 0.0234375 0.06640625
1 0.07421875 0.48828125 0.0234375 0.078125
1 0.0125 0.4970703125 0.025 0.095703125
