0 0.0515625 0.505859375 0.103125 0.18359375
0 0.2359375 0.4873046875 0.121875 0.103515625
0 0.35390625 0.4755859375 0.0484375 0.052734375
0 0.6125 0.4892578125 0.084375 0.076171875
0 0.96328125 0.685546875 0.0703125 0.26953125
0 0.528125 0.4580078125 0.025 0.029296875
0 0.44140625 0.419921875 0.0171875 0.01953125
0 0.42421875 0.4345703125 0.0203125 0.025390625
0 0.40703125 0.453125 0.0203125 0.03125
0 0.39375 0.4580078125 0.021875 0.041015625
0 0.38359375 0.4638671875 0.0203125 0.037109375
0 0.51484375 0.4365234375 0.0234375 0.025390625
