0 0.91171875 0.5673828125 0.1734375 0.224609375
0 0.67109375 0.490234375 0.1328125 0.1171875
0 0.58515625 0.4775390625 0.0578125 0.076171875
0 0.5484375 0.482421875 0.021875 0.04296875
0 0.528125 0.4775390625 0.021875 0.037109375
0 0.5140625 0.474609375 0.01875 0.03125
0 0.4875 0.4716796875 0.025 0.025390625
0 0.46796875 0.4697265625 0.0203125 0.021484375
0 0.43359375 0.46875 0.0234375 0.0234375
0 0.39453125 0.47265625 0.0328125 0.02734375
0 0.36640625 0.4765625 0.0234375 0.0390625
0 0.33203125 0.482421875 0.0515625 0.0546875
0 0.23125 0.494140625 0.09375 0.10546875
0 0.1390625 0.51953125 0.171875 0.14453125
0 0.04609375 0.5185546875 0.0921875 0.248046875
