2 0.1421875 0.5 0.03125 0.046875
1 0.16796875 0.4765625 0.0296875 0.08203125
0 0.42890625 0.462890625 0.0421875 0.04296875
0 0.390625 0.4619140625 0.025 0.025390625
1 0.5 0.458984375 0.01875 0.04296875
1 0.48046875 0.4599609375 0.0234375 0.044921875
1 0.64296875 0.4638671875 0.0203125 0.068359375
1 0.75703125 0.4580078125 0.0296875 0.068359375
1 0.728125 0.4521484375 0.025 0.072265625
1 0.07109375 0.4453125 0.0234375 0.03515625
1 0.09453125 0.45703125 0.0203125 0.0625
2 0.18828125 0.5 0.0328125 0.0390625
