2 0.87890625 0.6123046875 0.0953125 0.181640625
0 0.440625 0.4755859375 0.025 0.029296875
0 0.46875 0.4873046875 0.0625 0.064453125
0 0.18671875 0.482421875 0.0484375 0.05078125
0 0.2375 0.48828125 0.0875 0.08203125
0 0.0796875 0.5029296875 0.15625 0.158203125
1 0.9671875 0.4599609375 0.034375 0.099609375
2 0.9609375 0.50390625 0.071875 0.06640625
1 0.7796875 0.478515625 0.028125 0.1015625
1 0.7515625 0.4755859375 0.0375 0.103515625
1 0.68828125 0.4716796875 0.0265625 0.087890625
1 0.8703125 0.501953125 0.1125 0.2734375
