0 0.46875 0.4658203125 0.040625 0.041015625
0 0.33359375 0.474609375 0.0578125 0.05859375
0 0.36328125 0.4658203125 0.0390625 0.041015625
1 0.678125 0.5146484375 0.04375 0.134765625
1 0.540625 0.458984375 0.01875 0.04296875
2 0.6828125 0.55859375 0.01875 0.07421875
0 0.3859375 0.466796875 0.028125 0.0390625
0 0.4078125 0.466796875 0.01875 0.03515625
0 0.41953125 0.46484375 0.0203125 0.03515625
1 0.56171875 0.462890625 0.0140625 0.0390625
1 0.58984375 0.46484375 0.0140625 0.03515625
0 0.51015625 0.466796875 0.0203125 0.01953125
