0 0.984375 0.4248046875 0.028125 0.060546875
1 0.9140625 0.3916015625 0.01875 0.037109375
1 0.88515625 0.3955078125 0.0203125 0.041015625
0 0.92421875 0.427734375 0.0515625 0.0625
1 0.82265625 0.4638671875 0.0453125 0.177734375
0 0.72890625 0.4462890625 0.0515625 0.068359375
0 0.72734375 0.3935546875 0.0703125 0.037109375
1 0.6578125 0.462890625 0.046875 0.12109375
0 0.56875 0.4375 0.0375 0.05078125
0 0.52109375 0.4345703125 0.0296875 0.044921875
0 0.34296875 0.4423828125 0.0328125 0.037109375
0 0.3203125 0.439453125 0.025 0.03125
0 0.2984375 0.4404296875 0.028125 0.029296875
0 0.26640625 0.41796875 0.0359375 0.02734375
0 0.2671875 0.4443359375 0.03125 0.025390625
0 0.24609375 0.4462890625 0.0265625 0.033203125
0 0.2109375 0.4521484375 0.0625 0.072265625
0 0.0984375 0.4677734375 0.15625 0.146484375
0 0.01328125 0.45703125 0.0234375 0.078125
