1 0.33046875 0.513671875 0.0578125 0.1953125
1 0.47578125 0.498046875 0.0515625 0.1953125
1 0.55703125 0.4951171875 0.0546875 0.185546875
1 0.6140625 0.5166015625 0.084375 0.232421875
0 0.19140625 0.4794921875 0.0484375 0.068359375
0 0.1 0.4814453125 0.14375 0.091796875
1 0.64375 0.4970703125 0.059375 0.259765625
2 0.98125 0.529296875 0.034375 0.08203125
0 0.12578125 0.4609375 0.0890625 0.0546875
0 0.0484375 0.478515625 0.096875 0.09375
0 0.05234375 0.498046875 0.0546875 0.0703125
0 0.015625 0.49609375 0.03125 0.09765625
