0 0.96796875 0.4560546875 0.0546875 0.091796875
0 0.678125 0.4755859375 0.246875 0.119140625
0 0.5109375 0.44921875 0.034375 0.03515625
0 0.4375 0.42578125 0.028125 0.02734375
0 0.40703125 0.439453125 0.0234375 0.02734375
0 0.38671875 0.4453125 0.0296875 0.03125
0 0.37421875 0.4541015625 0.0328125 0.029296875
0 0.32109375 0.4619140625 0.0734375 0.041015625
0 0.28046875 0.455078125 0.0265625 0.03125
0 0.075 0.4580078125 0.053125 0.041015625
0 0.15 0.4892578125 0.13125 0.091796875
0 0.91171875 0.4638671875 0.0390625 0.072265625
