0 0.15859375 0.4482421875 0.1078125 0.076171875
0 0.26328125 0.478515625 0.1359375 0.09765625
0 0.3390625 0.466796875 0.05 0.07421875
0 0.37109375 0.4658203125 0.0515625 0.072265625
0 0.41328125 0.4560546875 0.0421875 0.052734375
0 0.68046875 0.4921875 0.0796875 0.1171875
0 0.77265625 0.5224609375 0.2046875 0.197265625
0 0.53203125 0.5361328125 0.1984375 0.197265625
0 0.684375 0.5126953125 0.05625 0.115234375
0 0.63671875 0.4765625 0.0453125 0.0625
0 0.628125 0.4609375 0.05 0.06640625
0 0.43203125 0.453125 0.0296875 0.05859375
0 0.45 0.455078125 0.025 0.05078125
0 0.46328125 0.4375 0.0359375 0.02734375
0 0.0609375 0.43359375 0.10625 0.0859375
0 0.071875 0.5068359375 0.13125 0.181640625
