0 0.81015625 0.462890625 0.0640625 0.0625
0 0.921875 0.4453125 0.140625 0.125
0 0.94765625 0.4951171875 0.0859375 0.107421875
0 0.690625 0.5634765625 0.48125 0.228515625
1 0.66640625 0.4326171875 0.0328125 0.044921875
1 0.159375 0.490234375 0.021875 0.0625
1 0.13671875 0.4912109375 0.0203125 0.064453125
1 0.55390625 0.4580078125 0.0203125 0.041015625
1 0.58203125 0.4560546875 0.0234375 0.052734375
1 0.6875 0.4326171875 0.028125 0.037109375
0 0.45703125 0.4609375 0.0359375 0.02734375
1 0.37734375 0.462890625 0.0109375 0.03125
1 0.371875 0.46484375 0.009375 0.03125
1 0.12734375 0.4873046875 0.0234375 0.033203125
1 0.1125 0.498046875 0.028125 0.05078125
