1 0.9296875 0.7265625 0.128125 0.4453125
2 0.40234375 0.6982421875 0.0421875 0.134765625
1 0.39921875 0.61328125 0.0953125 0.25390625
1 0.378125 0.48046875 0.040625 0.0703125
0 0.0875 0.6259765625 0.171875 0.240234375
0 0.27265625 0.521484375 0.1203125 0.125
0 0.31875 0.5009765625 0.071875 0.119140625
0 0.4015625 0.474609375 0.053125 0.0625
0 0.45234375 0.453125 0.0453125 0.03515625
0 0.58359375 0.4560546875 0.0421875 0.041015625
0 0.6109375 0.4951171875 0.034375 0.072265625
0 0.66171875 0.5 0.0765625 0.078125
0 0.69140625 0.53515625 0.0859375 0.1015625
0 0.77109375 0.57421875 0.1734375 0.1484375
0 0.48125 0.4501953125 0.021875 0.033203125
0 0.49296875 0.4423828125 0.0234375 0.029296875
0 0.6765625 0.44140625 0.01875 0.03125
0 0.728125 0.43359375 0.09375 0.04296875
