0 0.35859375 0.4951171875 0.1328125 0.072265625
0 0.7765625 0.4814453125 0.090625 0.056640625
0 0.85625 0.474609375 0.09375 0.04296875
0 0.9609375 0.466796875 0.071875 0.0546875
1 0.69921875 0.470703125 0.0328125 0.078125
1 0.6625 0.474609375 0.028125 0.07421875
1 0.59609375 0.482421875 0.0234375 0.0703125
1 0.2359375 0.5126953125 0.0375 0.126953125
1 0.171875 0.501953125 0.034375 0.10546875
1 0.14609375 0.505859375 0.0234375 0.1015625
0 0.0796875 0.5400390625 0.153125 0.130859375
1 0.121875 0.478515625 0.028125 0.0625
1 0.9 0.466796875 0.015625 0.05078125
1 0.890625 0.45703125 0.01875 0.0390625
1 0.265625 0.51171875 0.028125 0.109375
1 0.20078125 0.50390625 0.0234375 0.1171875
