0 0.06328125 0.6142578125 0.1265625 0.197265625
0 0.15078125 0.55859375 0.1359375 0.14453125
0 0.23046875 0.5244140625 0.0828125 0.087890625
0 0.33359375 0.482421875 0.0765625 0.078125
0 0.515625 0.4599609375 0.046875 0.044921875
0 0.60859375 0.486328125 0.0734375 0.08984375
0 0.88515625 0.53125 0.1328125 0.12890625
0 0.73125 0.486328125 0.075 0.08984375
0 0.82890625 0.4892578125 0.1609375 0.099609375
1 0.39921875 0.4697265625 0.0234375 0.056640625
1 0.55546875 0.501953125 0.0328125 0.12109375
2 0.56015625 0.5390625 0.0234375 0.05859375
0 0.65859375 0.4619140625 0.0296875 0.056640625
1 0.44921875 0.451171875 0.0140625 0.04296875
