0 0.92265625 0.44921875 0.1390625 0.140625
0 0.94765625 0.4892578125 0.0859375 0.099609375
1 0.8078125 0.48046875 0.059375 0.203125
1 0.65625 0.4736328125 0.028125 0.115234375
1 0.63203125 0.4677734375 0.0328125 0.123046875
1 0.46171875 0.466796875 0.0234375 0.05859375
1 0.39453125 0.484375 0.0296875 0.09375
1 0.1703125 0.48046875 0.021875 0.04296875
1 0.12734375 0.4873046875 0.0203125 0.037109375
1 0.553125 0.458984375 0.01875 0.046875
1 0.575 0.4541015625 0.021875 0.060546875
0 0.7296875 0.458984375 0.034375 0.0546875
0 0.8828125 0.4111328125 0.065625 0.041015625
