1 0.9546875 0.505859375 0.08125 0.1796875
1 0.79609375 0.4912109375 0.0578125 0.130859375
2 0.94765625 0.595703125 0.0609375 0.09375
2 0.7953125 0.5576171875 0.05 0.072265625
2 0.7546875 0.53125 0.05 0.0625
1 0.7515625 0.47265625 0.0375 0.109375
1 0.60859375 0.453125 0.0234375 0.08203125
1 0.64140625 0.4697265625 0.0296875 0.072265625
0 0.3609375 0.4482421875 0.028125 0.041015625
0 0.32890625 0.451171875 0.0484375 0.0546875
0 0.2703125 0.4677734375 0.090625 0.087890625
2 0.64375 0.49609375 0.034375 0.0546875
2 0.6109375 0.490234375 0.03125 0.046875
0 0.5875 0.46484375 0.021875 0.0546875
1 0.56328125 0.4599609375 0.0234375 0.056640625
2 0.56171875 0.48828125 0.0265625 0.03125
2 0.184375 0.482421875 0.0375 0.0546875
