0 0.446875 0.451171875 0.08125 0.08984375
0 0.46796875 0.4716796875 0.0828125 0.095703125
0 0.0984375 0.470703125 0.090625 0.08984375
1 0.15859375 0.4580078125 0.0359375 0.095703125
1 0.1953125 0.4501953125 0.028125 0.087890625
1 0.23515625 0.4423828125 0.0328125 0.087890625
1 0.3546875 0.4541015625 0.034375 0.083984375
1 0.6875 0.484375 0.040625 0.125
3 0.74375 0.533203125 0.04375 0.0625
3 0.90625 0.54296875 0.03125 0.0390625
1 0.97734375 0.4921875 0.0421875 0.1328125
2 0.1546875 0.48828125 0.021875 0.06640625
2 0.19140625 0.4736328125 0.0203125 0.064453125
2 0.2328125 0.4794921875 0.021875 0.060546875
2 0.35 0.48046875 0.03125 0.06640625
0 0.0671875 0.4326171875 0.059375 0.056640625
0 0.0203125 0.44140625 0.040625 0.06640625
