0 0.8859375 0.4609375 0.0625 0.1171875
1 0.9828125 0.490234375 0.03125 0.2890625
1 0.93828125 0.5185546875 0.0734375 0.275390625
1 0.83203125 0.501953125 0.0765625 0.25390625
1 0.7859375 0.486328125 0.0375 0.19921875
1 0.740625 0.515625 0.08125 0.265625
1 0.6953125 0.5048828125 0.05 0.212890625
1 0.125 0.486328125 0.021875 0.03515625
1 0.10859375 0.4951171875 0.0234375 0.044921875
1 0.20859375 0.4853515625 0.0203125 0.044921875
1 0.4296875 0.46484375 0.025 0.0625
1 0.65078125 0.46484375 0.0234375 0.07421875
1 0.63203125 0.4619140625 0.0265625 0.076171875
1 0.55390625 0.455078125 0.0203125 0.046875
