1 0.03828125 0.5009765625 0.0734375 0.216796875
1 0.18203125 0.4853515625 0.0609375 0.150390625
1 0.26328125 0.478515625 0.0421875 0.11328125
1 0.29609375 0.47265625 0.0328125 0.0859375
2 0.18046875 0.5390625 0.0484375 0.1015625
2 0.028125 0.572265625 0.053125 0.14453125
2 0.2625 0.5185546875 0.03125 0.068359375
2 0.296875 0.5048828125 0.03125 0.064453125
0 0.55234375 0.4794921875 0.0765625 0.087890625
0 0.06875 0.48828125 0.034375 0.1171875
0 0.15 0.48046875 0.034375 0.08203125
0 0.509375 0.4794921875 0.025 0.052734375
0 0.496875 0.4775390625 0.025 0.041015625
0 0.38125 0.4736328125 0.0375 0.037109375
