1 0.971875 0.4814453125 0.034375 0.189453125
1 0.94609375 0.455078125 0.0234375 0.10546875
1 0.92578125 0.455078125 0.0265625 0.1015625
1 0.903125 0.4755859375 0.0375 0.146484375
1 0.86640625 0.4755859375 0.0265625 0.107421875
1 0.84296875 0.46875 0.0265625 0.12109375
1 0.81640625 0.474609375 0.0234375 0.078125
0 0.765625 0.4375 0.021875 0.0546875
1 0.7984375 0.453125 0.01875 0.05078125
1 0.78203125 0.482421875 0.0203125 0.08984375
1 0.746875 0.4599609375 0.025 0.083984375
1 0.73046875 0.447265625 0.0234375 0.078125
1 0.7171875 0.4697265625 0.025 0.076171875
1 0.7046875 0.458984375 0.025 0.05859375
1 0.678125 0.466796875 0.021875 0.06640625
0 0.28984375 0.482421875 0.0859375 0.08203125
