1 0.84140625 0.4296875 0.0234375 0.10546875
2 0.86953125 0.462890625 0.0265625 0.04296875
2 0.8125 0.466796875 0.034375 0.05078125
2 0.684375 0.47265625 0.0375 0.046875
1 0.65390625 0.44140625 0.0265625 0.08984375
1 0.625 0.439453125 0.025 0.09375
2 0.60859375 0.4765625 0.0359375 0.04296875
0 0.60078125 0.412109375 0.0265625 0.078125
0 0.484375 0.427734375 0.040625 0.046875
0 0.42421875 0.3974609375 0.0140625 0.021484375
0 0.446875 0.396484375 0.015625 0.01953125
0 0.45390625 0.4111328125 0.0171875 0.021484375
0 0.45859375 0.42578125 0.0140625 0.0234375
0 0.38828125 0.392578125 0.0171875 0.01953125
0 0.3796875 0.4228515625 0.025 0.041015625
0 0.3640625 0.43359375 0.028125 0.05078125
0 0.31796875 0.4384765625 0.0828125 0.091796875
