0 0.1671875 0.51953125 0.165625 0.12109375
0 0.25234375 0.4931640625 0.1078125 0.107421875
0 0.3078125 0.482421875 0.053125 0.078125
1 0.33828125 0.490234375 0.0234375 0.08984375
0 0.3609375 0.4755859375 0.046875 0.052734375
0 0.4046875 0.46875 0.053125 0.0390625
0 0.521875 0.4560546875 0.028125 0.029296875
0 0.7171875 0.4599609375 0.06875 0.083984375
0 0.7546875 0.4697265625 0.059375 0.068359375
0 0.80078125 0.455078125 0.0859375 0.1015625
0 0.8921875 0.451171875 0.059375 0.09375
0 0.9515625 0.458984375 0.084375 0.12109375
1 0.4515625 0.46484375 0.01875 0.04296875
0 0.56484375 0.45703125 0.0296875 0.03125
0 0.4625 0.4580078125 0.01875 0.029296875
0 0.48828125 0.4541015625 0.0203125 0.025390625
