0 0.11171875 0.46875 0.0703125 0.08203125
0 0.15703125 0.486328125 0.0546875 0.06640625
0 0.065625 0.494140625 0.13125 0.16015625
0 0.46484375 0.478515625 0.0921875 0.08203125
0 0.47734375 0.4951171875 0.0453125 0.072265625
0 0.5953125 0.486328125 0.1125 0.125
0 0.80546875 0.501953125 0.2109375 0.18359375
0 0.8703125 0.5302734375 0.2375 0.185546875
0 0.93671875 0.55859375 0.1234375 0.23828125
2 0.2609375 0.494140625 0.03125 0.08984375
2 0.23671875 0.5087890625 0.0421875 0.103515625
1 0.23671875 0.4677734375 0.0359375 0.138671875
1 0.259375 0.466796875 0.028125 0.13671875
1 0.525 0.486328125 0.04375 0.18359375
1 0.67734375 0.5400390625 0.0953125 0.326171875
0 0.39453125 0.4716796875 0.0421875 0.060546875
1 0.3484375 0.4716796875 0.021875 0.083984375
1 0.315625 0.470703125 0.021875 0.078125
0 0.0265625 0.369140625 0.053125 0.0625
