0 0.21796875 0.517578125 0.1265625 0.12109375
0 0.28515625 0.49609375 0.0671875 0.0859375
0 0.64765625 0.5634765625 0.1453125 0.146484375
0 0.7515625 0.6162109375 0.24375 0.232421875
0 0.88203125 0.787109375 0.2328125 0.4140625
0 0.34296875 0.4736328125 0.0515625 0.056640625
0 0.45 0.4501953125 0.03125 0.037109375
0 0.60859375 0.5078125 0.1234375 0.1484375
0 0.05859375 0.7783203125 0.1171875 0.318359375
0 0.03046875 0.5908203125 0.0609375 0.099609375
0 0.48359375 0.4462890625 0.0234375 0.033203125
1 0.49765625 0.458984375 0.0203125 0.04296875
0 0.36953125 0.466796875 0.0296875 0.0390625
0 0.38515625 0.462890625 0.0203125 0.03515625
0 0.4265625 0.4482421875 0.021875 0.029296875
0 0.55 0.4833984375 0.040625 0.056640625
0 0.540625 0.4638671875 0.046875 0.060546875
0 0.51953125 0.4619140625 0.0234375 0.037109375
0 0.1734375 0.4775390625 0.053125 0.033203125
1 0.83203125 0.42578125 0.0109375 0.02734375
1 0.84375 0.423828125 0.0125 0.02734375
1 0.85390625 0.4267578125 0.0140625 0.037109375
