1 0.9765625 0.673828125 0.040625 0.20703125
1 0.915625 0.6103515625 0.06875 0.310546875
0 0.83046875 0.5712890625 0.3359375 0.279296875
0 0.6734375 0.5087890625 0.171875 0.193359375
0 0.590625 0.4853515625 0.08125 0.123046875
0 0.50703125 0.46875 0.0484375 0.06640625
0 0.4671875 0.47265625 0.059375 0.05859375
0 0.3953125 0.4765625 0.021875 0.02734375
0 0.3671875 0.4736328125 0.040625 0.029296875
0 0.296875 0.484375 0.040625 0.0546875
0 0.065625 0.5029296875 0.096875 0.150390625
0 0.159375 0.5166015625 0.25625 0.216796875
