2 0.88046875 0.6142578125 0.0984375 0.173828125
2 0.6734375 0.5478515625 0.03125 0.099609375
2 0.08359375 0.5439453125 0.0484375 0.103515625
2 0.50078125 0.49609375 0.0171875 0.05078125
2 0.4625 0.4912109375 0.01875 0.044921875
2 0.3359375 0.4873046875 0.015625 0.025390625
1 0.14765625 0.4794921875 0.0296875 0.083984375
1 0.2375 0.4658203125 0.01875 0.048828125
0 0.96875 0.546875 0.059375 0.21484375
0 0.75625 0.505859375 0.140625 0.12890625
0 0.58203125 0.48046875 0.0734375 0.06640625
1 0.875 0.505859375 0.134375 0.21484375
0 0.81796875 0.55859375 0.0234375 0.1015625
1 0.6734375 0.478515625 0.046875 0.13671875
0 0.5421875 0.4765625 0.01875 0.03515625
1 0.49765625 0.447265625 0.0296875 0.05859375
1 0.46015625 0.4521484375 0.0234375 0.037109375
0 0.41796875 0.46484375 0.0234375 0.0234375
1 0.33671875 0.4560546875 0.0234375 0.037109375
1 0.0828125 0.4892578125 0.0625 0.169921875
