0 0.084375 0.4560546875 0.15625 0.146484375
0 0.196875 0.455078125 0.078125 0.09765625
0 0.3859375 0.4697265625 0.065625 0.052734375
0 0.4234375 0.4580078125 0.0375 0.037109375
0 0.4609375 0.4541015625 0.046875 0.044921875
0 0.5203125 0.4453125 0.028125 0.03125
0 0.61484375 0.46875 0.0515625 0.05078125
0 0.65546875 0.490234375 0.0734375 0.0703125
0 0.6859375 0.5146484375 0.075 0.103515625
0 0.7609375 0.533203125 0.171875 0.20703125
0 0.87421875 0.5908203125 0.2421875 0.287109375
0 0.96015625 0.734375 0.0671875 0.328125
0 0.646875 0.4423828125 0.028125 0.029296875
0 0.590625 0.4619140625 0.025 0.041015625
