1 0.7421875 0.515625 0.084375 0.24609375
0 0.79296875 0.4990234375 0.0421875 0.119140625
0 0.9046875 0.5048828125 0.04375 0.103515625
1 0.834375 0.515625 0.065625 0.234375
1 0.87265625 0.5146484375 0.0359375 0.201171875
0 0.41875 0.4814453125 0.078125 0.091796875
0 0.3421875 0.4619140625 0.028125 0.033203125
0 0.31875 0.4765625 0.040625 0.03515625
1 0.94453125 0.5625 0.0359375 0.14453125
0 0.14140625 0.4794921875 0.0546875 0.052734375
0 0.0328125 0.4853515625 0.065625 0.099609375
1 0.9546875 0.5263671875 0.0375 0.193359375
1 0.96953125 0.552734375 0.0578125 0.19140625
