1 0.16953125 0.490234375 0.0234375 0.05859375
1 0.6546875 0.4892578125 0.046875 0.119140625
1 0.69296875 0.4716796875 0.0484375 0.138671875
0 0.809375 0.462890625 0.05625 0.078125
0 0.925 0.4462890625 0.14375 0.146484375
0 0.9515625 0.486328125 0.0875 0.1171875
0 0.73203125 0.458984375 0.0296875 0.0546875
1 0.37421875 0.46484375 0.0109375 0.0234375
1 0.38203125 0.458984375 0.0109375 0.02734375
1 0.60859375 0.45703125 0.0234375 0.05859375
1 0.1265625 0.48828125 0.01875 0.03515625
1 0.11328125 0.4921875 0.0234375 0.0546875
1 0.5890625 0.455078125 0.01875 0.0546875
