1 0.5875 0.5205078125 0.046875 0.158203125
1 0.55703125 0.50390625 0.0484375 0.1796875
1 0.44140625 0.4853515625 0.0359375 0.154296875
1 0.40859375 0.490234375 0.0484375 0.1484375
1 0.375 0.46484375 0.034375 0.1328125
1 0.32734375 0.455078125 0.0484375 0.140625
1 0.3015625 0.4267578125 0.028125 0.083984375
1 0.2765625 0.45703125 0.040625 0.125
1 0.25546875 0.412109375 0.0203125 0.0703125
1 0.23515625 0.4619140625 0.0421875 0.126953125
1 0.19921875 0.4462890625 0.0453125 0.130859375
0 0.171875 0.4345703125 0.034375 0.060546875
0 0.47109375 0.4501953125 0.0453125 0.064453125
0 0.6234375 0.4697265625 0.0375 0.072265625
0 0.70703125 0.4306640625 0.0796875 0.037109375
0 0.83984375 0.4375 0.0796875 0.02734375
0 0.6875 0.451171875 0.0875 0.0390625
0 0.8921875 0.4482421875 0.075 0.025390625
