0 0.5453125 0.4677734375 0.04375 0.044921875
0 0.2921875 0.46484375 0.034375 0.03515625
2 0.2640625 0.5029296875 0.08125 0.056640625
1 0.27109375 0.4755859375 0.0328125 0.087890625
1 0.15625 0.46875 0.028125 0.0703125
1 0.11171875 0.470703125 0.0328125 0.08984375
1 0.084375 0.47265625 0.028125 0.07421875
1 0.49296875 0.4697265625 0.0359375 0.087890625
1 0.63046875 0.4580078125 0.0296875 0.087890625
1 0.58984375 0.4599609375 0.0203125 0.083984375
1 0.65625 0.5048828125 0.065625 0.208984375
1 0.77578125 0.4990234375 0.0578125 0.208984375
0 0.98203125 0.48046875 0.0234375 0.046875
1 0.70625 0.4599609375 0.025 0.076171875
1 0.73984375 0.5185546875 0.0515625 0.185546875
0 0.45234375 0.4609375 0.0265625 0.03125
