1 0.878125 0.41796875 0.021875 0.03515625
1 0.81640625 0.44921875 0.0234375 0.0859375
1 0.7953125 0.44921875 0.021875 0.08203125
1 0.7546875 0.447265625 0.01875 0.0703125
1 0.66875 0.4404296875 0.01875 0.056640625
1 0.6390625 0.4384765625 0.0125 0.029296875
0 0.6 0.4599609375 0.06875 0.076171875
0 0.54921875 0.4521484375 0.0296875 0.033203125
0 0.51875 0.4267578125 0.025 0.029296875
0 0.49609375 0.4482421875 0.0265625 0.025390625
0 0.4265625 0.44921875 0.04375 0.046875
0 0.36953125 0.47265625 0.0859375 0.078125
0 0.13984375 0.484375 0.1421875 0.1171875
