0 0.13828125 0.587890625 0.1859375 0.1796875
0 0.28828125 0.529296875 0.0765625 0.11328125
0 0.3546875 0.49609375 0.071875 0.08203125
0 0.38046875 0.482421875 0.0609375 0.0703125
0 0.40859375 0.47265625 0.0328125 0.0546875
0 0.44921875 0.4658203125 0.0296875 0.044921875
0 0.59453125 0.451171875 0.0328125 0.03515625
0 0.65 0.5029296875 0.040625 0.068359375
0 0.6984375 0.517578125 0.096875 0.0859375
0 0.84140625 0.591796875 0.2578125 0.234375
1 0.25234375 0.587890625 0.1046875 0.203125
1 0.96171875 0.7783203125 0.0703125 0.388671875
2 0.24140625 0.6923828125 0.0859375 0.158203125
1 0.46796875 0.4697265625 0.0234375 0.056640625
0 0.4265625 0.46484375 0.025 0.05859375
0 0.48203125 0.4501953125 0.0296875 0.025390625
0 0.5078125 0.4423828125 0.021875 0.029296875
0 0.709375 0.439453125 0.04375 0.03125
0 0.67421875 0.4404296875 0.0234375 0.029296875
