0 0.89921875 0.447265625 0.0234375 0.0234375
0 0.83125 0.451171875 0.03125 0.02734375
0 0.7265625 0.458984375 0.034375 0.03515625
0 0.68125 0.4580078125 0.06875 0.052734375
1 0.51953125 0.48046875 0.0296875 0.125
0 0.49296875 0.451171875 0.0265625 0.02734375
0 0.465625 0.451171875 0.025 0.02734375
1 0.44765625 0.4501953125 0.0203125 0.037109375
0 0.321875 0.453125 0.06875 0.04296875
0 0.284375 0.4580078125 0.090625 0.033203125
0 0.1796875 0.4541015625 0.14375 0.056640625
0 0.1 0.4638671875 0.121875 0.052734375
0 0.79375 0.451171875 0.0375 0.0390625
0 0.75703125 0.45703125 0.0234375 0.04296875
1 0.95234375 0.4833984375 0.0140625 0.052734375
1 0.940625 0.4794921875 0.015625 0.052734375
