0 0.4140625 0.4892578125 0.075 0.072265625
0 0.3953125 0.4677734375 0.0625 0.072265625
0 0.16796875 0.462890625 0.0578125 0.05859375
0 0.128125 0.484375 0.071875 0.0703125
1 0.784375 0.5087890625 0.053125 0.099609375
3 0.7328125 0.537109375 0.03125 0.03515625
3 0.68125 0.5419921875 0.034375 0.029296875
1 0.66875 0.49609375 0.0375 0.09375
1 0.27734375 0.4482421875 0.0203125 0.052734375
1 0.23984375 0.4580078125 0.0203125 0.060546875
1 0.221875 0.45703125 0.01875 0.0625
0 0.97421875 0.501953125 0.0484375 0.11328125
0 0.078125 0.4560546875 0.021875 0.056640625
0 0.05546875 0.45703125 0.0203125 0.05859375
0 0.02890625 0.46484375 0.0578125 0.06640625
0 0.35703125 0.4599609375 0.0296875 0.041015625
0 0.36171875 0.466796875 0.0234375 0.05078125
