2 0.03359375 0.50390625 0.0671875 0.046875
0 0.94296875 0.5888671875 0.1109375 0.259765625
0 0.86796875 0.53125 0.2609375 0.25
0 0.7140625 0.5107421875 0.15 0.142578125
0 0.521875 0.4638671875 0.05625 0.060546875
0 0.49140625 0.4638671875 0.0234375 0.044921875
0 0.284375 0.47265625 0.059375 0.046875
0 0.3828125 0.4638671875 0.021875 0.021484375
0 0.475 0.4619140625 0.021875 0.033203125
0 0.45859375 0.4599609375 0.0171875 0.025390625
0 0.446875 0.46484375 0.015625 0.01953125
0 0.40078125 0.4638671875 0.0171875 0.021484375
0 0.35625 0.46875 0.028125 0.03125
0 0.32890625 0.4677734375 0.0234375 0.044921875
0 0.2359375 0.4658203125 0.021875 0.033203125
1 0.02734375 0.4619140625 0.0359375 0.052734375
