1 0.96015625 0.5078125 0.0578125 0.23046875
1 0.90234375 0.4931640625 0.0359375 0.150390625
1 0.86953125 0.490234375 0.0421875 0.16796875
1 0.74140625 0.498046875 0.0421875 0.13671875
0 0.16953125 0.4921875 0.1015625 0.09765625
0 0.253125 0.4892578125 0.06875 0.072265625
0 0.34609375 0.4814453125 0.0328125 0.041015625
0 0.41640625 0.4736328125 0.0296875 0.037109375
1 0.63046875 0.453125 0.0234375 0.0390625
1 0.784375 0.5 0.0375 0.13671875
1 0.5546875 0.466796875 0.01875 0.046875
1 0.7125 0.4716796875 0.021875 0.099609375
0 0.2828125 0.484375 0.03125 0.0546875
0 0.3703125 0.4765625 0.025 0.03125
