0 0.075 0.5087890625 0.15 0.197265625
0 0.18046875 0.4658203125 0.1578125 0.146484375
0 0.15390625 0.384765625 0.1234375 0.05859375
0 0.25859375 0.4287109375 0.0859375 0.103515625
0 0.30703125 0.4150390625 0.0609375 0.076171875
0 0.34609375 0.3955078125 0.0609375 0.052734375
0 0.37109375 0.3798828125 0.0578125 0.056640625
0 0.72578125 0.4765625 0.1078125 0.16015625
0 0.8625 0.541015625 0.271875 0.36328125
0 0.4015625 0.3740234375 0.021875 0.037109375
0 0.4140625 0.376953125 0.01875 0.03515625
0 0.42734375 0.375 0.0140625 0.02734375
0 0.43203125 0.361328125 0.0296875 0.0390625
1 0.46875 0.365234375 0.01875 0.046875
0 0.55859375 0.3759765625 0.0234375 0.041015625
0 0.54609375 0.37109375 0.0234375 0.03515625
0 0.6078125 0.373046875 0.01875 0.03515625
1 0.775 0.3828125 0.025 0.0390625
