0 0.81015625 0.4619140625 0.0546875 0.072265625
0 0.92265625 0.4462890625 0.1453125 0.138671875
0 0.9515625 0.48828125 0.09375 0.12890625
1 0.6421875 0.482421875 0.03125 0.109375
1 0.66953125 0.46875 0.0328125 0.13671875
1 0.16875 0.4873046875 0.01875 0.056640625
1 0.61015625 0.462890625 0.0171875 0.0546875
0 0.7265625 0.4580078125 0.0375 0.052734375
1 0.37578125 0.4619140625 0.0109375 0.029296875
1 0.36875 0.466796875 0.009375 0.02734375
1 0.12734375 0.48828125 0.0203125 0.03125
1 0.1109375 0.494140625 0.021875 0.0546875
