1 0.63515625 0.5126953125 0.0453125 0.154296875
1 0.66875 0.4833984375 0.021875 0.072265625
2 0.6359375 0.560546875 0.025 0.08984375
0 0.36015625 0.4892578125 0.0828125 0.072265625
0 0.45625 0.4677734375 0.03125 0.029296875
0 0.5234375 0.46875 0.040625 0.02734375
0 0.16484375 0.4658203125 0.0609375 0.044921875
0 0.0921875 0.470703125 0.05 0.0546875
0 0.040625 0.4716796875 0.071875 0.064453125
1 0.234375 0.470703125 0.015625 0.0546875
1 0.26015625 0.4697265625 0.0203125 0.056640625
1 0.2765625 0.4580078125 0.01875 0.044921875
1 0.2890625 0.4599609375 0.01875 0.052734375
1 0.30078125 0.462890625 0.0171875 0.05078125
0 0.3984375 0.470703125 0.021875 0.02734375
0 0.428125 0.4619140625 0.021875 0.025390625
1 0.5953125 0.470703125 0.015625 0.04296875
