1 0.90234375 0.48046875 0.0234375 0.08203125
1 0.87109375 0.470703125 0.0234375 0.09375
1 0.8421875 0.47265625 0.028125 0.09765625
1 0.725 0.4521484375 0.015625 0.029296875
1 0.72578125 0.4951171875 0.0203125 0.052734375
1 0.703125 0.4609375 0.01875 0.05078125
1 0.67734375 0.4697265625 0.0203125 0.064453125
1 0.65546875 0.4560546875 0.0203125 0.056640625
1 0.61484375 0.4609375 0.0109375 0.03125
1 0.60390625 0.4619140625 0.0140625 0.037109375
0 0.54140625 0.458984375 0.0234375 0.01953125
0 0.4484375 0.4765625 0.0625 0.0625
