0 0.0515625 0.49609375 0.103125 0.28515625
0 0.28046875 0.4794921875 0.0453125 0.052734375
0 0.35078125 0.4716796875 0.0484375 0.056640625
0 0.41953125 0.4736328125 0.1046875 0.111328125
1 0.49453125 0.4638671875 0.0265625 0.060546875
1 0.52734375 0.4609375 0.0296875 0.0625
1 0.59609375 0.458984375 0.0265625 0.06640625
1 0.76640625 0.4521484375 0.0296875 0.083984375
1 0.79375 0.451171875 0.0375 0.08203125
1 0.9390625 0.4453125 0.034375 0.1171875
1 0.8515625 0.4111328125 0.05 0.052734375
1 0.553125 0.4501953125 0.01875 0.041015625
