0 0.05546875 0.52734375 0.1078125 0.2265625
0 0.20390625 0.521484375 0.1578125 0.11328125
0 0.30390625 0.5048828125 0.0765625 0.083984375
0 0.346875 0.49609375 0.053125 0.05859375
0 0.36171875 0.478515625 0.0671875 0.07421875
0 0.415625 0.4765625 0.046875 0.046875
0 0.603125 0.474609375 0.040625 0.05078125
0 0.659375 0.509765625 0.103125 0.10546875
0 0.91328125 0.4951171875 0.1109375 0.138671875
1 0.56328125 0.4677734375 0.0265625 0.060546875
0 0.61953125 0.4951171875 0.0359375 0.068359375
0 0.4515625 0.4638671875 0.040625 0.041015625
0 0.4796875 0.455078125 0.025 0.03125
0 0.52734375 0.45703125 0.0234375 0.0234375
1 0.54765625 0.4658203125 0.0140625 0.048828125
1 0.50390625 0.4580078125 0.0109375 0.029296875
