2 0.5296875 0.62109375 0.01875 0.11328125
1 0.53359375 0.5576171875 0.0546875 0.193359375
1 0.484375 0.4736328125 0.025 0.076171875
1 0.46015625 0.4755859375 0.0265625 0.076171875
1 0.44375 0.4716796875 0.025 0.068359375
0 0.7140625 0.517578125 0.0875 0.09375
0 0.64375 0.548828125 0.125 0.140625
0 0.94765625 0.5068359375 0.0984375 0.072265625
0 0.89375 0.658203125 0.209375 0.24609375
0 0.3890625 0.48828125 0.06875 0.0625
0 0.34375 0.521484375 0.075 0.10546875
0 0.28125 0.55078125 0.13125 0.15625
0 0.1328125 0.5732421875 0.23125 0.271484375
0 0.053125 0.6728515625 0.10625 0.248046875
0 0.7890625 0.4814453125 0.053125 0.068359375
1 0.7078125 0.458984375 0.025 0.03125
1 0.55859375 0.458984375 0.0234375 0.04296875
