1 0.71875 0.4931640625 0.0375 0.150390625
1 0.75703125 0.4814453125 0.0484375 0.181640625
1 0.16875 0.484375 0.01875 0.0546875
0 0.81015625 0.45703125 0.0546875 0.078125
0 0.925 0.451171875 0.14375 0.1484375
0 0.95 0.4892578125 0.0875 0.123046875
0 0.64609375 0.44921875 0.0234375 0.03125
1 0.3734375 0.4619140625 0.0125 0.025390625
1 0.571875 0.4541015625 0.01875 0.056640625
1 0.55234375 0.458984375 0.0203125 0.046875
1 0.128125 0.486328125 0.021875 0.03515625
1 0.1140625 0.4921875 0.021875 0.0546875
