1 0.29375 0.494140625 0.040625 0.14453125
1 0.5546875 0.4638671875 0.021875 0.044921875
0 0.6703125 0.515625 0.084375 0.109375
0 0.73125 0.55078125 0.178125 0.16796875
0 0.85859375 0.62890625 0.2796875 0.265625
0 0.9484375 0.763671875 0.096875 0.31640625
0 0.09609375 0.5498046875 0.1828125 0.189453125
0 0.203125 0.509765625 0.14375 0.15234375
0 0.33125 0.482421875 0.05 0.08203125
0 0.36796875 0.4716796875 0.0546875 0.072265625
0 0.41328125 0.4658203125 0.0328125 0.052734375
0 0.43828125 0.4658203125 0.0234375 0.037109375
0 0.63125 0.5029296875 0.071875 0.095703125
0 0.62109375 0.4765625 0.0796875 0.08203125
0 0.45546875 0.4609375 0.0203125 0.02734375
0 0.46953125 0.4560546875 0.0234375 0.025390625
