1 0.0453125 0.498046875 0.059375 0.1640625
1 0.11328125 0.490234375 0.0515625 0.16015625
1 0.1609375 0.48046875 0.053125 0.1328125
1 0.2328125 0.4638671875 0.0375 0.091796875
0 0.1890625 0.470703125 0.053125 0.0859375
0 0.54765625 0.46875 0.0765625 0.08203125
2 0.2375 0.5087890625 0.034375 0.056640625
0 0.02265625 0.466796875 0.0453125 0.0703125
2 0.0453125 0.5458984375 0.071875 0.076171875
2 0.11640625 0.5390625 0.0359375 0.078125
2 0.15625 0.5126953125 0.025 0.072265625
0 0.3140625 0.4619140625 0.03125 0.033203125
1 0.290625 0.470703125 0.025 0.0546875
2 0.29140625 0.494140625 0.0203125 0.03515625
0 0.50859375 0.466796875 0.0203125 0.046875
0 0.5015625 0.462890625 0.021875 0.0390625
