1 0.9859375 0.4267578125 0.0125 0.037109375
1 0.97890625 0.41796875 0.0109375 0.03125
1 0.9734375 0.458984375 0.015625 0.05859375
1 0.959375 0.4482421875 0.01875 0.072265625
1 0.90625 0.4404296875 0.01875 0.064453125
1 0.8875 0.44140625 0.01875 0.06640625
1 0.85703125 0.4404296875 0.0140625 0.060546875
1 0.84375 0.443359375 0.01875 0.0546875
1 0.8046875 0.46484375 0.025 0.078125
1 0.7796875 0.431640625 0.0125 0.03515625
1 0.7640625 0.4443359375 0.021875 0.033203125
1 0.74375 0.439453125 0.021875 0.03125
1 0.72890625 0.439453125 0.0203125 0.0234375
0 0.7171875 0.52734375 0.190625 0.1484375
1 0.6015625 0.4482421875 0.0125 0.021484375
0 0.5734375 0.482421875 0.06875 0.0703125
0 0.53125 0.46875 0.021875 0.06640625
0 0.5078125 0.4521484375 0.025 0.037109375
0 0.4640625 0.47265625 0.075 0.078125
0 0.403125 0.4541015625 0.021875 0.033203125
0 0.384375 0.4580078125 0.021875 0.041015625
0 0.3625 0.4638671875 0.03125 0.041015625
0 0.290625 0.498046875 0.14375 0.1484375
0 0.15078125 0.515625 0.1328125 0.12109375
