1 0.421875 0.46484375 0.025 0.07421875
1 0.38984375 0.46484375 0.0234375 0.06640625
0 0.5890625 0.4775390625 0.059375 0.056640625
0 0.28359375 0.4697265625 0.0890625 0.083984375
0 0.3453125 0.4736328125 0.04375 0.056640625
1 0.49609375 0.453125 0.0140625 0.0234375
1 0.10546875 0.46484375 0.0203125 0.04296875
1 0.06015625 0.4609375 0.0265625 0.0390625
1 0.0125 0.453125 0.021875 0.0234375
1 0.03828125 0.4521484375 0.0234375 0.025390625
2 0.1875 0.513671875 0.021875 0.05078125
2 0.16953125 0.513671875 0.0203125 0.046875
2 0.0546875 0.5380859375 0.028125 0.072265625
2 0.078125 0.5341796875 0.021875 0.068359375
2 0.9609375 0.7080078125 0.059375 0.126953125
2 0.93125 0.6796875 0.05625 0.12109375
