0 0.83125 0.529296875 0.046875 0.12890625
0 0.9265625 0.5234375 0.140625 0.1953125
1 0.70703125 0.4970703125 0.0328125 0.083984375
2 0.7046875 0.54296875 0.021875 0.05078125
2 0.66953125 0.537109375 0.0234375 0.0390625
1 0.66875 0.486328125 0.034375 0.0859375
1 0.6453125 0.486328125 0.025 0.0625
2 0.64375 0.521484375 0.01875 0.05078125
2 0.6046875 0.517578125 0.021875 0.046875
1 0.6046875 0.490234375 0.021875 0.0625
1 0.5859375 0.490234375 0.021875 0.046875
2 0.5859375 0.51171875 0.01875 0.03515625
2 0.87734375 0.5810546875 0.0609375 0.099609375
1 0.8796875 0.5078125 0.05 0.09375
0 0.0390625 0.4599609375 0.06875 0.095703125
0 0.76328125 0.5 0.1015625 0.07421875
1 0.56875 0.48828125 0.01875 0.046875
1 0.55234375 0.48828125 0.0203125 0.0546875
