1 0.73828125 0.505859375 0.0234375 0.1171875
0 0.96953125 0.546875 0.0546875 0.13671875
0 0.8296875 0.4970703125 0.1125 0.115234375
0 0.70546875 0.4892578125 0.0484375 0.064453125
0 0.684375 0.4697265625 0.071875 0.060546875
0 0.39609375 0.4609375 0.0453125 0.05078125
0 0.32421875 0.4814453125 0.0546875 0.076171875
0 0.31484375 0.4990234375 0.0546875 0.072265625
0 0.26328125 0.5048828125 0.0796875 0.095703125
0 0.23203125 0.53125 0.1015625 0.1171875
0 0.1015625 0.568359375 0.203125 0.203125
0 0.50625 0.4326171875 0.028125 0.029296875
0 0.440625 0.4306640625 0.025 0.037109375
