0 0.378125 0.5 0.03125 0.04296875
0 0.428125 0.5078125 0.078125 0.078125
0 0.3890625 0.501953125 0.025 0.05078125
1 0.51484375 0.48828125 0.0234375 0.0546875
1 0.53203125 0.4873046875 0.0203125 0.060546875
0 0.77109375 0.4921875 0.0921875 0.0859375
0 0.3609375 0.4951171875 0.01875 0.044921875
0 0.34609375 0.4921875 0.0265625 0.0390625
0 0.303125 0.501953125 0.0625 0.0625
1 0.2140625 0.4873046875 0.01875 0.033203125
2 0.21484375 0.51171875 0.0109375 0.0234375
1 0.17578125 0.4912109375 0.0203125 0.060546875
1 0.1390625 0.49609375 0.01875 0.0625
2 0.12421875 0.509765625 0.0203125 0.046875
2 0.090625 0.5166015625 0.021875 0.056640625
2 0.078125 0.517578125 0.021875 0.0546875
2 0.05625 0.5244140625 0.021875 0.064453125
2 0.0421875 0.5263671875 0.021875 0.056640625
2 0.0171875 0.52734375 0.03125 0.05859375
