2 0.96015625 0.568359375 0.0765625 0.203125
2 0.5625 0.4873046875 0.025 0.130859375
2 0.478125 0.4970703125 0.021875 0.130859375
1 0.6828125 0.41796875 0.028125 0.13671875
0 0.4078125 0.4189453125 0.03125 0.025390625
2 0.14453125 0.4384765625 0.0359375 0.072265625
1 0.6546875 0.40625 0.01875 0.0390625
1 0.94609375 0.43359375 0.0984375 0.31640625
1 0.56796875 0.4189453125 0.0640625 0.228515625
1 0.4765625 0.4228515625 0.059375 0.208984375
2 0.61328125 0.4365234375 0.0171875 0.056640625
0 0.3890625 0.4189453125 0.021875 0.029296875
2 0.1875 0.4404296875 0.01875 0.044921875
2 0.13046875 0.4384765625 0.0265625 0.044921875
