1 0.55625 0.484375 0.021875 0.0859375
1 0.53515625 0.4716796875 0.0234375 0.064453125
0 0.90546875 0.544921875 0.1578125 0.140625
0 0.74296875 0.494140625 0.0765625 0.0703125
0 0.50859375 0.455078125 0.0421875 0.0390625
0 0.3625 0.47265625 0.0375 0.0546875
0 0.26953125 0.5078125 0.0765625 0.07421875
0 0.20234375 0.537109375 0.1296875 0.11328125
1 0.45703125 0.4423828125 0.0140625 0.029296875
1 0.44765625 0.443359375 0.0140625 0.0390625
1 0.4234375 0.4599609375 0.015625 0.048828125
2 0.4234375 0.4716796875 0.0125 0.025390625
0 0.3109375 0.4921875 0.04375 0.0625
0 0.33125 0.486328125 0.03125 0.05078125
0 0.39296875 0.453125 0.0296875 0.04296875
0 0.66875 0.4716796875 0.05625 0.056640625
0 0.728125 0.466796875 0.09375 0.0703125
