1 0.2046875 0.564453125 0.0625 0.15234375
1 0.38125 0.6123046875 0.09375 0.248046875
2 0.38984375 0.685546875 0.0453125 0.125
2 0.20703125 0.607421875 0.0328125 0.09765625
0 0.1453125 0.55078125 0.125 0.16015625
0 0.253125 0.5205078125 0.096875 0.126953125
0 0.31484375 0.5 0.0421875 0.09375
0 0.33671875 0.4814453125 0.0609375 0.099609375
0 0.4328125 0.453125 0.046875 0.03515625
0 0.5703125 0.455078125 0.0375 0.04296875
0 0.615625 0.4990234375 0.065625 0.064453125
0 0.671875 0.51953125 0.096875 0.10546875
0 0.73125 0.5654296875 0.165625 0.126953125
0 0.8734375 0.63671875 0.25 0.234375
0 0.7375 0.4345703125 0.096875 0.037109375
0 0.678125 0.4404296875 0.03125 0.044921875
0 0.384375 0.4755859375 0.040625 0.068359375
0 0.4625 0.4482421875 0.021875 0.029296875
0 0.46953125 0.4443359375 0.0265625 0.033203125
0 0.52734375 0.4384765625 0.0234375 0.025390625
0 0.83671875 0.44921875 0.0421875 0.0234375
