1 0.909375 0.490234375 0.021875 0.0625
1 0.88828125 0.48828125 0.0203125 0.0625
1 0.86796875 0.490234375 0.0203125 0.0625
0 0.93671875 0.6484375 0.1234375 0.32421875
0 0.4390625 0.51171875 0.11875 0.10546875
0 0.53671875 0.48046875 0.0453125 0.0546875
0 0.24765625 0.4541015625 0.0359375 0.029296875
0 0.65546875 0.4619140625 0.0484375 0.029296875
0 0.6921875 0.466796875 0.03125 0.0234375
1 0.59453125 0.466796875 0.0109375 0.04296875
0 0.95234375 0.48046875 0.0796875 0.0546875
0 0.209375 0.455078125 0.028125 0.02734375
