0 0.87734375 0.4873046875 0.2359375 0.158203125
1 0.73828125 0.4736328125 0.0703125 0.259765625
1 0.68046875 0.4921875 0.1015625 0.3515625
1 0.5953125 0.4775390625 0.0875 0.369140625
1 0.5484375 0.4814453125 0.065625 0.306640625
1 0.4234375 0.44921875 0.053125 0.12890625
1 0.3625 0.4482421875 0.0375 0.146484375
0 0.225 0.4580078125 0.059375 0.064453125
0 0.17421875 0.447265625 0.0328125 0.03125
0 0.12890625 0.4482421875 0.0421875 0.025390625
0 0.02421875 0.455078125 0.0453125 0.046875
1 0.2890625 0.4443359375 0.021875 0.056640625
