1 0.50390625 0.4541015625 0.0203125 0.060546875
1 0.52421875 0.5009765625 0.0640625 0.166015625
1 0.38984375 0.4736328125 0.0265625 0.056640625
1 0.3734375 0.4736328125 0.01875 0.052734375
0 0.56875 0.48828125 0.0625 0.078125
0 0.7484375 0.55859375 0.29375 0.3046875
0 0.3234375 0.4794921875 0.05 0.076171875
0 0.296875 0.4912109375 0.0625 0.076171875
0 0.215625 0.4541015625 0.096875 0.064453125
0 0.05703125 0.4658203125 0.1109375 0.119140625
0 0.1359375 0.5498046875 0.265625 0.208984375
0 0.46953125 0.462890625 0.0359375 0.03125
0 0.61328125 0.5185546875 0.0828125 0.166015625
