1 0.68046875 0.509765625 0.0234375 0.07421875
1 0.70390625 0.509765625 0.0265625 0.0703125
1 0.73359375 0.509765625 0.0234375 0.0703125
1 0.7734375 0.5166015625 0.03125 0.087890625
1 0.83359375 0.5126953125 0.0296875 0.087890625
1 0.5859375 0.5166015625 0.028125 0.072265625
0 0.48984375 0.5341796875 0.1234375 0.123046875
0 0.38984375 0.4970703125 0.0453125 0.044921875
1 0.0921875 0.5107421875 0.03125 0.091796875
1 0.06875 0.486328125 0.025 0.0625
1 0.05625 0.4921875 0.01875 0.07421875
1 0.115625 0.49609375 0.028125 0.07421875
1 0.13671875 0.5009765625 0.0203125 0.064453125
