0 0.36328125 0.46875 0.0421875 0.04296875
0 0.38671875 0.4638671875 0.0296875 0.037109375
0 0.4859375 0.46484375 0.034375 0.03515625
1 0.6765625 0.513671875 0.040625 0.1328125
2 0.67890625 0.5517578125 0.0203125 0.087890625
1 0.540625 0.4609375 0.015625 0.0390625
1 0.56171875 0.462890625 0.0140625 0.03515625
1 0.58984375 0.4677734375 0.0140625 0.029296875
0 0.515625 0.466796875 0.015625 0.01953125
0 0.4609375 0.4658203125 0.01875 0.021484375
0 0.4078125 0.4619140625 0.025 0.037109375
0 0.43046875 0.4609375 0.0234375 0.02734375
