0 0.23046875 0.5185546875 0.1671875 0.126953125
0 0.30078125 0.4921875 0.0921875 0.1015625
0 0.36171875 0.4736328125 0.0703125 0.072265625
0 0.4015625 0.4765625 0.046875 0.04296875
0 0.7265625 0.4873046875 0.065625 0.064453125
0 0.7640625 0.498046875 0.065625 0.08203125
0 0.8171875 0.5 0.090625 0.1015625
1 0.978125 0.513671875 0.040625 0.12890625
1 0.10625 0.5029296875 0.0375 0.119140625
1 0.07265625 0.4892578125 0.0484375 0.169921875
0 0.42734375 0.4755859375 0.0234375 0.037109375
0 0.4375 0.4697265625 0.025 0.033203125
0 0.4515625 0.4697265625 0.01875 0.029296875
0 0.46171875 0.4619140625 0.0296875 0.037109375
0 0.55390625 0.46484375 0.0234375 0.0234375
0 0.58671875 0.474609375 0.0296875 0.04296875
0 0.6625 0.48046875 0.034375 0.04296875
0 0.61875 0.486328125 0.06875 0.07421875
