1 0.97421875 0.515625 0.0390625 0.3359375
0 0.93515625 0.421875 0.0859375 0.08203125
0 0.93203125 0.494140625 0.0578125 0.078125
1 0.87421875 0.4970703125 0.0671875 0.232421875
1 0.80390625 0.521484375 0.0734375 0.23828125
1 0.6390625 0.4638671875 0.025 0.064453125
1 0.6171875 0.4619140625 0.03125 0.087890625
1 0.5890625 0.46875 0.028125 0.078125
1 0.059375 0.490234375 0.025 0.07421875
1 0.0390625 0.4951171875 0.03125 0.083984375
0 0.7265625 0.4580078125 0.0375 0.056640625
1 0.55078125 0.462890625 0.0203125 0.0546875
1 0.1484375 0.4765625 0.01875 0.0390625
1 0.1296875 0.48828125 0.01875 0.03125
1 0.375 0.4609375 0.0125 0.03125
