1 0.75625 0.5390625 0.046875 0.08203125
1 0.78984375 0.548828125 0.0359375 0.09375
1 0.2703125 0.5283203125 0.053125 0.146484375
0 0.3296875 0.5244140625 0.084375 0.076171875
0 0.1671875 0.5400390625 0.159375 0.126953125
0 0.3796875 0.5146484375 0.05 0.060546875
0 0.63125 0.6201171875 0.38125 0.228515625
0 0.68046875 0.505859375 0.0984375 0.04296875
0 0.59765625 0.5009765625 0.0421875 0.025390625
0 0.41484375 0.513671875 0.0453125 0.05078125
0 0.44375 0.5107421875 0.021875 0.041015625
0 0.45078125 0.4990234375 0.0359375 0.041015625
0 0.02578125 0.501953125 0.0515625 0.08984375
0 0.03828125 0.470703125 0.0734375 0.09375
