0 0.55859375 0.3994140625 0.0578125 0.060546875
0 0.525 0.3994140625 0.01875 0.052734375
0 0.50859375 0.390625 0.0203125 0.04296875
0 0.44375 0.4013671875 0.059375 0.052734375
0 0.38046875 0.3740234375 0.0171875 0.021484375
0 0.35703125 0.3818359375 0.0234375 0.029296875
0 0.33125 0.380859375 0.021875 0.0390625
0 0.3125 0.390625 0.01875 0.0390625
0 0.2765625 0.388671875 0.053125 0.05078125
0 0.271875 0.4013671875 0.03125 0.044921875
0 0.23984375 0.40234375 0.0421875 0.0703125
0 0.19921875 0.4091796875 0.0609375 0.087890625
0 0.125 0.41796875 0.11875 0.109375
0 0.0234375 0.4306640625 0.046875 0.166015625
0 0.39921875 0.37109375 0.0171875 0.01953125
0 0.4296875 0.3701171875 0.01875 0.013671875
