0 0.58984375 0.51171875 0.0359375 0.046875
0 0.40546875 0.4990234375 0.0453125 0.060546875
1 0.23203125 0.4970703125 0.0234375 0.087890625
1 0.259375 0.4921875 0.021875 0.0703125
1 0.08984375 0.498046875 0.0359375 0.12890625
1 0.065625 0.48828125 0.025 0.10546875
1 0.04921875 0.49609375 0.0359375 0.109375
0 0.434375 0.5048828125 0.021875 0.037109375
0 0.453125 0.4990234375 0.015625 0.037109375
1 0.47734375 0.494140625 0.0140625 0.03515625
1 0.5015625 0.49609375 0.015625 0.0390625
2 0.878125 0.658203125 0.04375 0.11328125
2 0.7578125 0.595703125 0.028125 0.07421875
1 0.29453125 0.5 0.0203125 0.05078125
2 0.82734375 0.5947265625 0.0359375 0.072265625
