0 0.06015625 0.4755859375 0.1203125 0.130859375
0 0.14375 0.474609375 0.053125 0.07421875
0 0.93359375 0.48046875 0.1296875 0.09765625
0 0.8796875 0.748046875 0.23125 0.48828125
0 0.8 0.576171875 0.290625 0.28125
1 0.6 0.4892578125 0.03125 0.056640625
1 0.6234375 0.4814453125 0.021875 0.064453125
1 0.39921875 0.47265625 0.0234375 0.05078125
1 0.4390625 0.462890625 0.01875 0.03515625
0 0.30625 0.4716796875 0.034375 0.037109375
1 0.41640625 0.4560546875 0.0203125 0.041015625
1 0.3421875 0.466796875 0.01875 0.05078125
1 0.3296875 0.46484375 0.01875 0.046875
0 0.46015625 0.4755859375 0.0359375 0.033203125
