0 0.859375 0.765625 0.275 0.453125
0 0.9015625 0.4892578125 0.128125 0.091796875
0 0.63046875 0.5126953125 0.1203125 0.119140625
0 0.45546875 0.46484375 0.0484375 0.0390625
0 0.246875 0.5263671875 0.08125 0.068359375
0 0.27421875 0.5 0.0921875 0.0703125
0 0.09375 0.5703125 0.184375 0.1484375
1 0.2015625 0.5302734375 0.05 0.123046875
0 0.31796875 0.498046875 0.0328125 0.046875
0 0.34140625 0.490234375 0.0359375 0.046875
2 0.2078125 0.5634765625 0.028125 0.064453125
0 0.384375 0.455078125 0.0375 0.03125
0 0.7421875 0.4765625 0.021875 0.07421875
0 0.61015625 0.4873046875 0.0953125 0.095703125
