3 0.69765625 0.5322265625 0.0421875 0.044921875
3 0.76875 0.5380859375 0.03125 0.037109375
1 0.8171875 0.505859375 0.046875 0.09375
1 0.67421875 0.498046875 0.0359375 0.1015625
1 0.28359375 0.44921875 0.0234375 0.0625
1 0.215625 0.4541015625 0.01875 0.056640625
1 0.20078125 0.455078125 0.0203125 0.05859375
1 0.240625 0.44921875 0.01875 0.0625
0 0.41875 0.4853515625 0.078125 0.083984375
0 0.40234375 0.4677734375 0.0734375 0.076171875
0 0.16328125 0.4609375 0.0515625 0.0546875
0 0.11953125 0.486328125 0.0765625 0.06640625
0 0.36328125 0.4560546875 0.0296875 0.041015625
0 0.078125 0.45703125 0.03125 0.0546875
0 0.0515625 0.455078125 0.01875 0.0546875
0 0.0265625 0.4619140625 0.05 0.064453125
