0 0.08828125 0.5439453125 0.1765625 0.177734375
0 0.1875 0.5078125 0.1375 0.14453125
0 0.2875 0.49609375 0.08125 0.09375
0 0.37890625 0.4638671875 0.0421875 0.037109375
0 0.54375 0.474609375 0.05 0.05078125
0 0.68125 0.513671875 0.109375 0.11328125
0 0.80703125 0.5751953125 0.2234375 0.197265625
2 0.94296875 0.556640625 0.1109375 0.09765625
1 0.93046875 0.4775390625 0.0296875 0.099609375
1 0.49140625 0.4755859375 0.0203125 0.052734375
1 0.4625 0.470703125 0.021875 0.046875
0 0.95859375 0.7529296875 0.0796875 0.255859375
0 0.52109375 0.46484375 0.0265625 0.04296875
