1 0.6953125 0.4921875 0.04375 0.13671875
1 0.7265625 0.474609375 0.053125 0.16796875
0 0.81015625 0.458984375 0.0609375 0.07421875
0 0.92578125 0.44921875 0.1453125 0.14453125
0 0.95078125 0.48828125 0.0953125 0.12890625
1 0.3734375 0.4609375 0.0125 0.0234375
1 0.1703125 0.4814453125 0.015625 0.044921875
0 0.646875 0.4482421875 0.025 0.029296875
1 0.1265625 0.48828125 0.021875 0.03125
1 0.11015625 0.49609375 0.0203125 0.05078125
1 0.56875 0.4541015625 0.021875 0.056640625
1 0.58984375 0.4580078125 0.0203125 0.052734375
