1 0.89765625 0.45703125 0.0453125 0.125
1 0.85 0.4169921875 0.025 0.052734375
1 0.86328125 0.462890625 0.0265625 0.11328125
1 0.81796875 0.4580078125 0.0453125 0.115234375
1 0.121875 0.44140625 0.025 0.08203125
1 0.0875 0.44140625 0.025 0.078125
0 0.60703125 0.4658203125 0.0703125 0.080078125
0 0.45546875 0.44921875 0.0578125 0.0625
0 0.278125 0.443359375 0.0625 0.06640625
0 0.2375 0.43359375 0.046875 0.08203125
0 0.1859375 0.4365234375 0.090625 0.083984375
0 0.36328125 0.548828125 0.2796875 0.1640625
0 0.7234375 0.4306640625 0.05 0.056640625
0 0.684375 0.4462890625 0.084375 0.044921875
