0 0.96171875 0.6484375 0.0734375 0.3828125
0 0.846875 0.525390625 0.3 0.31640625
0 0.6828125 0.521484375 0.103125 0.1015625
1 0.62890625 0.4765625 0.0140625 0.03515625
0 0.54609375 0.4775390625 0.0859375 0.091796875
0 0.5078125 0.494140625 0.0875 0.09375
0 0.428125 0.482421875 0.040625 0.03125
0 0.3875 0.48046875 0.040625 0.02734375
0 0.3453125 0.4853515625 0.03125 0.029296875
0 0.27890625 0.5009765625 0.0890625 0.080078125
0 0.2046875 0.515625 0.0625 0.10546875
0 0.0890625 0.5234375 0.178125 0.19921875
