0 0.6671875 0.5302734375 0.125 0.123046875
0 0.4515625 0.45703125 0.04375 0.046875
0 0.35390625 0.48828125 0.0546875 0.05859375
0 0.325 0.49609375 0.05 0.06640625
0 0.2984375 0.5048828125 0.053125 0.076171875
0 0.24140625 0.515625 0.0921875 0.1015625
0 0.18203125 0.552734375 0.1203125 0.1171875
0 0.0921875 0.60546875 0.18125 0.1796875
1 0.59375 0.515625 0.04375 0.14453125
1 0.52890625 0.52734375 0.0453125 0.140625
2 0.52890625 0.5693359375 0.0265625 0.083984375
0 0.925 0.5224609375 0.05625 0.154296875
0 0.3953125 0.4716796875 0.04375 0.037109375
0 0.56640625 0.47265625 0.0421875 0.0390625
0 0.55078125 0.4580078125 0.0359375 0.041015625
