0 0.24140625 0.4677734375 0.0546875 0.052734375
0 0.6125 0.4716796875 0.075 0.083984375
0 0.3734375 0.4619140625 0.05625 0.056640625
0 0.0296875 0.45703125 0.05 0.08203125
1 0.56015625 0.4638671875 0.0234375 0.064453125
1 0.540625 0.4599609375 0.021875 0.068359375
1 0.41875 0.4580078125 0.025 0.064453125
0 0.0640625 0.4580078125 0.071875 0.072265625
0 0.15546875 0.4638671875 0.0296875 0.076171875
0 0.17890625 0.4609375 0.0453125 0.05859375
0 0.1703125 0.4287109375 0.05 0.041015625
0 0.3078125 0.478515625 0.090625 0.08984375
0 0.4328125 0.4541015625 0.021875 0.044921875
0 0.44765625 0.455078125 0.0203125 0.0390625
0 0.45859375 0.447265625 0.0234375 0.03515625
