1 0.5359375 0.46484375 0.01875 0.05078125
1 0.5265625 0.466796875 0.01875 0.0546875
1 0.434375 0.462890625 0.01875 0.04296875
0 0.84765625 0.603515625 0.2984375 0.3125
0 0.95 0.7880859375 0.09375 0.291015625
0 0.39296875 0.4716796875 0.0484375 0.044921875
0 0.28359375 0.46875 0.0515625 0.04296875
0 0.0328125 0.5615234375 0.065625 0.166015625
0 0.58046875 0.470703125 0.0578125 0.0625
0 0.3453125 0.482421875 0.065625 0.05859375
0 0.19765625 0.46484375 0.0515625 0.0625
0 0.1390625 0.466796875 0.090625 0.08203125
0 0.078125 0.478515625 0.14375 0.078125
0 0.45234375 0.4541015625 0.0234375 0.033203125
