0 0.45234375 0.4765625 0.0359375 0.03515625
0 0.4921875 0.4765625 0.04375 0.03515625
1 0.98359375 0.482421875 0.0296875 0.18359375
1 0.9828125 0.3779296875 0.028125 0.056640625
1 0.93828125 0.4921875 0.0796875 0.328125
1 0.89765625 0.5087890625 0.0359375 0.119140625
1 0.8484375 0.4990234375 0.09375 0.314453125
1 0.80390625 0.451171875 0.0546875 0.1796875
1 0.75703125 0.484375 0.0546875 0.19921875
1 0.70859375 0.494140625 0.0234375 0.0625
1 0.69140625 0.4873046875 0.0203125 0.052734375
1 0.659375 0.4658203125 0.0375 0.107421875
1 0.3953125 0.4853515625 0.034375 0.123046875
1 0.603125 0.474609375 0.01875 0.0546875
1 0.58828125 0.4697265625 0.0203125 0.060546875
1 0.575 0.466796875 0.01875 0.0546875
