1 0.50546875 0.4736328125 0.0265625 0.083984375
1 0.559375 0.4775390625 0.025 0.087890625
0 0.90625 0.671875 0.184375 0.40234375
0 0.803125 0.59375 0.15 0.15625
0 0.7625 0.5419921875 0.121875 0.134765625
0 0.65 0.5048828125 0.0625 0.111328125
0 0.38671875 0.4873046875 0.0828125 0.095703125
0 0.35625 0.5107421875 0.059375 0.091796875
0 0.28828125 0.529296875 0.1203125 0.11328125
0 0.11484375 0.6201171875 0.2296875 0.216796875
1 0.62421875 0.515625 0.0421875 0.09765625
0 0.671875 0.5234375 0.084375 0.09765625
0 0.4265625 0.4736328125 0.028125 0.052734375
0 0.44375 0.470703125 0.028125 0.04296875
0 0.45703125 0.4658203125 0.0203125 0.041015625
0 0.4828125 0.4501953125 0.03125 0.029296875
2 0.503125 0.49609375 0.01875 0.046875
