1 0.69609375 0.4580078125 0.0328125 0.103515625
1 0.6234375 0.462890625 0.028125 0.109375
0 0.97421875 0.4873046875 0.0484375 0.115234375
0 0.79921875 0.46484375 0.0296875 0.0703125
0 0.3046875 0.5068359375 0.125 0.119140625
0 0.06953125 0.662109375 0.1390625 0.19921875
1 0.83046875 0.5341796875 0.0671875 0.244140625
1 0.5515625 0.458984375 0.015625 0.046875
1 0.596875 0.45703125 0.015625 0.05078125
1 0.665625 0.46484375 0.03125 0.09765625
1 0.646875 0.4716796875 0.025 0.099609375
0 0.728125 0.458984375 0.0375 0.05859375
1 0.1546875 0.474609375 0.01875 0.03515625
1 0.12890625 0.48828125 0.0203125 0.03125
1 0.11484375 0.4892578125 0.0203125 0.064453125
0 0.45859375 0.4609375 0.0484375 0.03515625
1 0.91171875 0.4990234375 0.0796875 0.275390625
0 0.96484375 0.4033203125 0.0671875 0.056640625
