0 0.3796875 0.447265625 0.03125 0.0390625
0 0.3484375 0.44921875 0.040625 0.046875
0 0.30390625 0.462890625 0.0765625 0.07421875
2 0.93671875 0.6123046875 0.0359375 0.111328125
2 0.98125 0.623046875 0.03125 0.14453125
1 0.95625 0.5029296875 0.084375 0.263671875
1 0.8984375 0.5166015625 0.053125 0.158203125
2 0.88828125 0.5849609375 0.0328125 0.072265625
1 0.79765625 0.4970703125 0.0546875 0.123046875
2 0.7953125 0.556640625 0.05 0.0703125
2 0.7078125 0.529296875 0.025 0.06640625
1 0.709375 0.4931640625 0.04375 0.119140625
1 0.68125 0.4853515625 0.03125 0.083984375
1 0.621875 0.46484375 0.025 0.06640625
1 0.6015625 0.45703125 0.028125 0.0625
2 0.62265625 0.4921875 0.0203125 0.04296875
2 0.5953125 0.4853515625 0.028125 0.033203125
1 0.5609375 0.4599609375 0.03125 0.052734375
1 0.53046875 0.4560546875 0.0234375 0.044921875
2 0.23671875 0.4765625 0.0328125 0.046875
2 0.5609375 0.48046875 0.01875 0.03515625
