1 0.8 0.5048828125 0.025 0.087890625
1 0.778125 0.4853515625 0.028125 0.052734375
1 0.81796875 0.486328125 0.0265625 0.04296875
1 0.865625 0.521484375 0.025 0.1171875
1 0.14921875 0.501953125 0.0203125 0.0703125
0 0.58203125 0.509765625 0.0671875 0.0703125
0 0.5328125 0.4892578125 0.025 0.033203125
0 0.384375 0.5048828125 0.065625 0.060546875
1 0.06484375 0.484375 0.0296875 0.0625
1 0.24453125 0.4873046875 0.0203125 0.052734375
2 0.9015625 0.6337890625 0.0625 0.087890625
1 0.17109375 0.4912109375 0.0234375 0.052734375
1 0.1875 0.4951171875 0.01875 0.068359375
1 0.28046875 0.4921875 0.0203125 0.046875
1 0.7234375 0.4970703125 0.021875 0.072265625
