2 0.84609375 0.578125 0.0859375 0.1328125
1 0.46640625 0.455078125 0.0203125 0.04296875
1 0.4453125 0.45703125 0.021875 0.04296875
1 0.1078125 0.4619140625 0.025 0.091796875
1 0.13125 0.45703125 0.025 0.0859375
1 0.1796875 0.4599609375 0.028125 0.072265625
0 0.57578125 0.46875 0.0453125 0.046875
0 0.3640625 0.45703125 0.053125 0.06640625
2 0.96484375 0.6875 0.0609375 0.15625
0 0.4 0.4638671875 0.025 0.041015625
0 0.41640625 0.4599609375 0.0203125 0.037109375
0 0.42578125 0.45703125 0.0203125 0.03515625
1 0.07734375 0.4375 0.0203125 0.02734375
