0 0.08046875 0.6025390625 0.1609375 0.220703125
0 0.36796875 0.4833984375 0.0484375 0.052734375
0 0.48359375 0.4521484375 0.0328125 0.029296875
0 0.5828125 0.4677734375 0.0625 0.060546875
0 0.6546875 0.5166015625 0.1125 0.095703125
0 0.846875 0.4921875 0.15625 0.08984375
0 0.95859375 0.484375 0.0765625 0.07421875
0 0.87734375 0.70703125 0.2359375 0.40625
0 0.79140625 0.47265625 0.0796875 0.0625
1 0.67265625 0.4501953125 0.0203125 0.041015625
1 0.515625 0.4482421875 0.01875 0.037109375
1 0.4546875 0.455078125 0.01875 0.05078125
0 0.39453125 0.4716796875 0.0234375 0.037109375
0 0.4109375 0.4638671875 0.021875 0.029296875
0 0.42421875 0.455078125 0.0328125 0.03515625
0 0.55 0.458984375 0.03125 0.03515625
