0 0.1078125 0.59765625 0.215625 0.3046875
0 0.23828125 0.5693359375 0.1078125 0.150390625
0 0.26640625 0.53515625 0.1046875 0.109375
0 0.31328125 0.5166015625 0.0734375 0.083984375
0 0.3453125 0.4990234375 0.059375 0.072265625
0 0.41640625 0.470703125 0.0484375 0.05078125
0 0.525 0.4521484375 0.03125 0.037109375
1 0.6328125 0.5048828125 0.025 0.123046875
1 0.61640625 0.5166015625 0.0265625 0.107421875
1 0.58984375 0.5087890625 0.0296875 0.126953125
0 0.7078125 0.537109375 0.125 0.12109375
0 0.88984375 0.6796875 0.2109375 0.3828125
0 0.4453125 0.458984375 0.025 0.04296875
0 0.46171875 0.453125 0.0203125 0.03125
0 0.23203125 0.466796875 0.0953125 0.0390625
