2 0.68828125 0.578125 0.0859375 0.14453125
2 0.54375 0.537109375 0.0375 0.08203125
2 0.3265625 0.486328125 0.01875 0.046875
2 0.37421875 0.4853515625 0.0203125 0.048828125
2 0.2890625 0.4736328125 0.0125 0.029296875
2 0.121875 0.48828125 0.01875 0.05078125
1 0.22265625 0.4599609375 0.0203125 0.041015625
1 0.06171875 0.46484375 0.0234375 0.06640625
1 0.76640625 0.44921875 0.0390625 0.09375
1 0.73046875 0.4541015625 0.0203125 0.087890625
2 0.1734375 0.4814453125 0.015625 0.041015625
2 0.159375 0.478515625 0.0125 0.0390625
0 0.85390625 0.5478515625 0.2890625 0.228515625
0 0.584375 0.494140625 0.05625 0.09375
0 0.503125 0.4990234375 0.040625 0.091796875
0 0.48359375 0.484375 0.0609375 0.07421875
1 0.66171875 0.4365234375 0.0296875 0.056640625
1 0.678125 0.49609375 0.071875 0.1796875
1 0.5359375 0.4765625 0.04375 0.140625
0 0.434375 0.4755859375 0.05 0.072265625
1 0.37578125 0.4453125 0.0234375 0.0546875
1 0.325 0.4482421875 0.025 0.044921875
1 0.2875 0.451171875 0.0125 0.02734375
1 0.17421875 0.453125 0.0140625 0.0390625
1 0.1625 0.447265625 0.009375 0.03515625
1 0.121875 0.4453125 0.025 0.046875
1 0.8328125 0.423828125 0.015625 0.0390625
