0 0.89609375 0.4599609375 0.0359375 0.044921875
0 0.95703125 0.4609375 0.0578125 0.046875
0 0.7890625 0.46484375 0.1 0.04296875
0 0.721875 0.4658203125 0.053125 0.041015625
0 0.6890625 0.4619140625 0.053125 0.041015625
0 0.66484375 0.458984375 0.0421875 0.03515625
1 0.57890625 0.4599609375 0.0171875 0.041015625
0 0.4796875 0.45703125 0.040625 0.03125
0 0.45 0.455078125 0.01875 0.0234375
0 0.43359375 0.44921875 0.0234375 0.02734375
0 0.45703125 0.435546875 0.0203125 0.0234375
0 0.33671875 0.4638671875 0.0453125 0.048828125
0 0.24921875 0.474609375 0.0546875 0.05859375
0 0.1828125 0.4814453125 0.090625 0.068359375
0 0.2875 0.4794921875 0.021875 0.044921875
0 0.36640625 0.4658203125 0.0203125 0.037109375
0 0.384375 0.462890625 0.021875 0.03515625
