0 0.190625 0.490234375 0.19375 0.14453125
0 0.30859375 0.44921875 0.0421875 0.05078125
0 0.5125 0.484375 0.0875 0.08984375
0 0.48046875 0.46484375 0.0640625 0.07421875
0 0.8609375 0.4833984375 0.159375 0.056640625
0 0.84921875 0.4560546875 0.1203125 0.052734375
0 0.40234375 0.4521484375 0.0296875 0.025390625
1 0.23125 0.408203125 0.028125 0.03515625
1 0.20546875 0.41015625 0.0234375 0.02734375
1 0.43046875 0.4501953125 0.0140625 0.029296875
0 0.3390625 0.447265625 0.025 0.03125
1 0.375 0.447265625 0.015625 0.04296875
1 0.35625 0.447265625 0.0125 0.0390625
0 0.45625 0.44921875 0.03125 0.0546875
0 0.72421875 0.5107421875 0.1109375 0.107421875
