2 0.871875 0.466796875 0.03125 0.046875
2 0.81875 0.46484375 0.034375 0.046875
1 0.85 0.43359375 0.025 0.1171875
2 0.7875 0.466796875 0.03125 0.05078125
1 0.75390625 0.4365234375 0.0328125 0.087890625
1 0.728125 0.4248046875 0.025 0.068359375
2 0.715625 0.4736328125 0.0375 0.052734375
0 0.60703125 0.4140625 0.0390625 0.07421875
0 0.484375 0.4287109375 0.040625 0.044921875
0 0.425 0.396484375 0.015625 0.01953125
0 0.44765625 0.400390625 0.0171875 0.01953125
0 0.45234375 0.412109375 0.0171875 0.01953125
0 0.4578125 0.427734375 0.015625 0.02734375
0 0.38828125 0.39453125 0.0171875 0.01953125
0 0.38046875 0.4248046875 0.0265625 0.052734375
0 0.3625 0.4306640625 0.025 0.052734375
0 0.32265625 0.4345703125 0.0859375 0.091796875
