0 0.84921875 0.4755859375 0.2984375 0.169921875
0 0.60625 0.4111328125 0.04375 0.076171875
0 0.484375 0.427734375 0.040625 0.046875
0 0.46015625 0.4267578125 0.0234375 0.029296875
0 0.4515625 0.4130859375 0.015625 0.021484375
0 0.44765625 0.396484375 0.0171875 0.01953125
0 0.425 0.396484375 0.015625 0.01953125
0 0.42578125 0.416015625 0.0171875 0.01953125
0 0.38515625 0.423828125 0.0234375 0.03515625
0 0.365625 0.4306640625 0.01875 0.037109375
0 0.325 0.4130859375 0.05625 0.052734375
1 0.2828125 0.4375 0.025 0.109375
2 0.31171875 0.4736328125 0.0296875 0.052734375
2 0.25625 0.4736328125 0.0375 0.048828125
