2 0.45078125 0.6484375 0.0265625 0.12890625
2 0.35 0.525390625 0.034375 0.0625
1 0.240625 0.5419921875 0.046875 0.134765625
1 0.35 0.4892578125 0.034375 0.095703125
1 0.43984375 0.57421875 0.0703125 0.234375
1 0.615625 0.5888671875 0.084375 0.244140625
0 0.934375 0.828125 0.128125 0.33984375
0 0.83359375 0.6513671875 0.2578125 0.232421875
0 0.7328125 0.576171875 0.16875 0.19140625
0 0.29296875 0.5146484375 0.0921875 0.091796875
0 0.203125 0.53515625 0.053125 0.140625
0 0.0953125 0.5693359375 0.190625 0.228515625
0 0.75078125 0.453125 0.0921875 0.05859375
0 0.7734375 0.4599609375 0.071875 0.041015625
0 0.65078125 0.4560546875 0.0953125 0.029296875
0 0.58359375 0.4853515625 0.0546875 0.060546875
0 0.57109375 0.46875 0.0578125 0.0625
0 0.46328125 0.451171875 0.0296875 0.03125
0 0.39296875 0.4677734375 0.0328125 0.044921875
0 0.41875 0.4599609375 0.025 0.037109375
