0 0.765625 0.5908203125 0.184375 0.181640625
0 0.69296875 0.529296875 0.1203125 0.12890625
0 0.63359375 0.5087890625 0.0734375 0.107421875
0 0.50390625 0.4423828125 0.0234375 0.025390625
0 0.23046875 0.482421875 0.1421875 0.05859375
0 0.03515625 0.4951171875 0.0703125 0.119140625
0 0.07890625 0.4873046875 0.0484375 0.076171875
0 0.1203125 0.4697265625 0.04375 0.056640625
0 0.27890625 0.4638671875 0.0828125 0.052734375
0 0.32265625 0.4580078125 0.0421875 0.052734375
0 0.38359375 0.44921875 0.0296875 0.0390625
0 0.58125 0.4658203125 0.04375 0.060546875
0 0.59375 0.4814453125 0.0375 0.068359375
1 0.4421875 0.455078125 0.01875 0.0390625
