1 0.91328125 0.435546875 0.0296875 0.078125
1 0.8328125 0.431640625 0.01875 0.07421875
1 0.82421875 0.4345703125 0.0203125 0.068359375
1 0.8015625 0.43359375 0.01875 0.0703125
1 0.7890625 0.400390625 0.01875 0.03515625
1 0.77421875 0.4169921875 0.0203125 0.052734375
1 0.7546875 0.421875 0.021875 0.0546875
1 0.7234375 0.419921875 0.0125 0.05078125
1 0.7125 0.4208984375 0.0125 0.048828125
1 0.65859375 0.4375 0.0203125 0.06640625
1 0.64296875 0.431640625 0.0203125 0.05859375
1 0.6265625 0.4306640625 0.0125 0.052734375
0 0.56484375 0.4716796875 0.0953125 0.087890625
0 0.5 0.451171875 0.046875 0.05859375
0 0.4703125 0.4306640625 0.025 0.033203125
0 0.41875 0.45703125 0.0875 0.1015625
0 0.3671875 0.4384765625 0.025 0.041015625
0 0.34296875 0.443359375 0.0265625 0.04296875
0 0.31796875 0.447265625 0.0265625 0.05078125
0 0.30078125 0.44921875 0.0203125 0.046875
0 0.26953125 0.447265625 0.0453125 0.0703125
0 0.178125 0.4921875 0.171875 0.13671875
1 0.56875 0.412109375 0.0125 0.02734375
