0 0.63203125 0.5087890625 0.0828125 0.103515625
0 0.32578125 0.4921875 0.0578125 0.078125
0 0.2703125 0.5009765625 0.096875 0.076171875
0 0.12890625 0.5078125 0.1953125 0.1640625
1 0.5375 0.48828125 0.034375 0.12109375
1 0.4078125 0.4814453125 0.021875 0.056640625
1 0.3875 0.4833984375 0.021875 0.056640625
1 0.57734375 0.5146484375 0.0578125 0.162109375
0 0.8015625 0.6162109375 0.296875 0.357421875
0 0.88828125 0.701171875 0.2171875 0.59375
0 0.5015625 0.4736328125 0.0375 0.033203125
0 0.35625 0.490234375 0.028125 0.0546875
0 0.36796875 0.4873046875 0.0265625 0.052734375
