2 0.41796875 0.701171875 0.0359375 0.15625
2 0.27421875 0.5751953125 0.0328125 0.072265625
1 0.41015625 0.6171875 0.0796875 0.26171875
1 0.27421875 0.5322265625 0.0484375 0.134765625
0 0.1921875 0.5400390625 0.146875 0.154296875
0 0.34765625 0.4814453125 0.0609375 0.087890625
0 0.32734375 0.494140625 0.0546875 0.08984375
0 0.4375 0.453125 0.0375 0.03515625
0 0.575 0.4541015625 0.040625 0.041015625
0 0.61640625 0.501953125 0.0546875 0.078125
0 0.67421875 0.513671875 0.1046875 0.1015625
0 0.7171875 0.556640625 0.146875 0.1328125
0 0.853125 0.6162109375 0.246875 0.201171875
0 0.67890625 0.435546875 0.0296875 0.0390625
0 0.740625 0.435546875 0.078125 0.04296875
0 0.834375 0.45703125 0.04375 0.0390625
0 0.46640625 0.4482421875 0.0265625 0.033203125
0 0.47890625 0.44140625 0.0265625 0.03125
0 0.4984375 0.4443359375 0.021875 0.025390625
0 0.39609375 0.4794921875 0.0359375 0.072265625
