1 0.7796875 0.4833984375 0.021875 0.091796875
1 0.72734375 0.5009765625 0.0296875 0.048828125
1 0.696875 0.4716796875 0.01875 0.056640625
1 0.64140625 0.470703125 0.0203125 0.0625
0 0.46328125 0.48046875 0.0359375 0.0390625
0 0.40390625 0.4853515625 0.0234375 0.025390625
0 0.3703125 0.4794921875 0.021875 0.029296875
0 0.34140625 0.4755859375 0.0296875 0.037109375
0 0.296875 0.478515625 0.059375 0.05078125
0 0.23125 0.474609375 0.046875 0.0625
0 0.18203125 0.4765625 0.0578125 0.07421875
0 0.13828125 0.48046875 0.0421875 0.08203125
0 0.0640625 0.4951171875 0.128125 0.181640625
