0 0.634375 0.5 0.14375 0.13671875
0 0.55859375 0.484375 0.0640625 0.08984375
0 0.52421875 0.478515625 0.0421875 0.0703125
0 0.49921875 0.470703125 0.0328125 0.046875
0 0.43828125 0.4716796875 0.0453125 0.052734375
1 0.7984375 0.462890625 0.03125 0.109375
1 0.7703125 0.46875 0.034375 0.09375
2 0.23125 0.5224609375 0.028125 0.056640625
2 0.365625 0.4775390625 0.0125 0.041015625
1 0.38671875 0.4638671875 0.0078125 0.029296875
1 0.36484375 0.453125 0.0109375 0.0234375
1 0.2953125 0.44921875 0.015625 0.0234375
1 0.33984375 0.4599609375 0.0109375 0.041015625
2 0.28046875 0.48046875 0.0234375 0.05078125
2 0.2625 0.4814453125 0.021875 0.056640625
2 0.2546875 0.48046875 0.025 0.0546875
1 0.23203125 0.4638671875 0.0265625 0.064453125
2 0.20703125 0.4921875 0.0234375 0.0625
2 0.1875 0.490234375 0.025 0.0703125
2 0.17109375 0.4912109375 0.0265625 0.072265625
2 0.08984375 0.5205078125 0.0484375 0.072265625
2 0.0515625 0.517578125 0.028125 0.05859375
2 0.01171875 0.533203125 0.0234375 0.078125
1 0.075 0.453125 0.015625 0.02734375
