0 0.66796875 0.4482421875 0.0515625 0.103515625
0 0.409375 0.42578125 0.025 0.046875
0 0.334375 0.4365234375 0.05 0.068359375
1 0.63515625 0.4560546875 0.0296875 0.115234375
1 0.60703125 0.4521484375 0.0296875 0.107421875
1 0.37265625 0.4326171875 0.0328125 0.091796875
0 0.18828125 0.4287109375 0.0703125 0.064453125
0 0.25859375 0.451171875 0.1203125 0.10546875
0 0.0734375 0.4169921875 0.121875 0.083984375
0 0.09609375 0.4013671875 0.1078125 0.091796875
0 0.4328125 0.4296875 0.025 0.04296875
0 0.45234375 0.4248046875 0.0234375 0.037109375
0 0.46328125 0.419921875 0.0265625 0.0390625
0 0.58828125 0.4384765625 0.0234375 0.044921875
0 0.58515625 0.427734375 0.0296875 0.0546875
