0 0.559375 0.47265625 0.04375 0.02734375
0 0.9671875 0.7080078125 0.059375 0.224609375
1 0.33203125 0.47265625 0.0234375 0.05859375
1 0.3421875 0.4765625 0.01875 0.046875
1 0.3546875 0.4755859375 0.021875 0.052734375
1 0.60234375 0.4921875 0.0296875 0.08984375
1 0.64375 0.4990234375 0.021875 0.083984375
1 0.68984375 0.4892578125 0.0234375 0.068359375
1 0.71640625 0.4921875 0.0234375 0.05859375
1 0.83125 0.5009765625 0.028125 0.083984375
1 0.8734375 0.4912109375 0.021875 0.083984375
1 0.93984375 0.501953125 0.0328125 0.08203125
1 0.96640625 0.5068359375 0.0296875 0.056640625
1 0.19921875 0.4697265625 0.0234375 0.076171875
1 0.225 0.4736328125 0.03125 0.083984375
1 0.6609375 0.482421875 0.01875 0.05078125
1 0.73828125 0.48828125 0.0203125 0.06640625
1 0.75625 0.4921875 0.01875 0.0625
1 0.778125 0.482421875 0.021875 0.03515625
