0 0.94921875 0.4248046875 0.0984375 0.083984375
0 0.95390625 0.3642578125 0.0734375 0.025390625
0 0.70078125 0.4423828125 0.0609375 0.099609375
1 0.75859375 0.48046875 0.0921875 0.3046875
1 0.44765625 0.4931640625 0.0484375 0.193359375
0 0.38203125 0.447265625 0.0390625 0.06640625
1 0.24453125 0.4482421875 0.0203125 0.064453125
1 0.22734375 0.447265625 0.0203125 0.0625
0 0.1671875 0.44921875 0.0375 0.04296875
0 0.14140625 0.44921875 0.0203125 0.02734375
0 0.11953125 0.44921875 0.0234375 0.03125
0 0.0328125 0.458984375 0.05625 0.05859375
0 0.0921875 0.44921875 0.025 0.03125
0 0.0734375 0.453125 0.01875 0.03125
1 0.9015625 0.3837890625 0.021875 0.041015625
0 0.70625 0.3701171875 0.05625 0.037109375
