1 0.053125 0.478515625 0.040625 0.09375
1 0.22578125 0.46875 0.0328125 0.09375
1 0.29453125 0.4609375 0.0234375 0.0703125
1 0.31328125 0.455078125 0.0234375 0.07421875
1 0.36796875 0.4541015625 0.0234375 0.076171875
1 0.3859375 0.466796875 0.021875 0.06640625
1 0.40625 0.4638671875 0.01875 0.072265625
1 0.428125 0.4658203125 0.021875 0.068359375
1 0.4546875 0.474609375 0.021875 0.08203125
1 0.49765625 0.45703125 0.0265625 0.078125
1 0.5546875 0.5048828125 0.05 0.138671875
1 0.60703125 0.486328125 0.0515625 0.09765625
1 0.64921875 0.5087890625 0.0453125 0.146484375
1 0.70625 0.4931640625 0.05625 0.099609375
1 0.7859375 0.48046875 0.05625 0.1953125
1 0.98203125 0.494140625 0.0296875 0.1796875
1 0.946875 0.49609375 0.059375 0.1796875
1 0.81875 0.4482421875 0.040625 0.068359375
1 0.84375 0.447265625 0.028125 0.07421875
