1 0.04375 0.4951171875 0.01875 0.064453125
1 0.6875 0.474609375 0.0375 0.12109375
1 0.728125 0.4755859375 0.04375 0.130859375
0 0.81171875 0.4658203125 0.0484375 0.072265625
0 0.925 0.4462890625 0.14375 0.138671875
0 0.95234375 0.4873046875 0.0921875 0.123046875
0 0.36015625 0.49609375 0.0765625 0.0859375
1 0.6078125 0.4677734375 0.021875 0.068359375
0 0.41328125 0.462890625 0.0296875 0.02734375
0 0.4609375 0.4609375 0.040625 0.02734375
1 0.12578125 0.48828125 0.0265625 0.03515625
0 0.64453125 0.4462890625 0.0265625 0.029296875
