0 0.13515625 0.56640625 0.2109375 0.19921875
0 0.26953125 0.5234375 0.1046875 0.15234375
0 0.334375 0.505859375 0.05 0.078125
0 0.36015625 0.484375 0.0546875 0.08203125
0 0.49140625 0.462890625 0.0484375 0.04296875
0 0.76015625 0.5654296875 0.2421875 0.240234375
0 0.6515625 0.5146484375 0.059375 0.091796875
0 0.86640625 0.7626953125 0.2578125 0.404296875
1 0.55 0.4619140625 0.01875 0.044921875
1 0.9421875 0.427734375 0.015625 0.03125
1 0.9265625 0.42578125 0.0125 0.03125
0 0.62265625 0.4921875 0.0328125 0.07421875
0 0.6734375 0.4375 0.0625 0.0234375
0 0.3890625 0.482421875 0.025 0.05078125
0 0.40625 0.478515625 0.025 0.04296875
0 0.41953125 0.46875 0.0265625 0.046875
0 0.4375 0.466796875 0.025 0.0390625
0 0.5328125 0.443359375 0.025 0.03515625
