0 0.81640625 0.6181640625 0.2828125 0.228515625
0 0.63828125 0.552734375 0.1828125 0.125
0 0.59296875 0.4873046875 0.0921875 0.044921875
1 0.5359375 0.4775390625 0.021875 0.068359375
1 0.51484375 0.48046875 0.0234375 0.06640625
0 0.17421875 0.4716796875 0.0703125 0.060546875
0 0.11640625 0.474609375 0.0546875 0.04296875
0 0.06796875 0.470703125 0.0578125 0.04296875
0 0.690625 0.494140625 0.084375 0.0625
0 0.76796875 0.4873046875 0.0515625 0.056640625
0 0.84296875 0.498046875 0.0703125 0.0625
0 0.97109375 0.4912109375 0.0546875 0.056640625
