2 0.44921875 0.5419921875 0.0234375 0.068359375
1 0.54296875 0.509765625 0.0359375 0.10546875
1 0.4546875 0.4990234375 0.028125 0.103515625
0 0.68984375 0.56640625 0.1171875 0.1171875
0 0.665625 0.5107421875 0.0875 0.115234375
0 0.6171875 0.5009765625 0.046875 0.091796875
0 0.390625 0.4736328125 0.05 0.060546875
0 0.38125 0.4921875 0.025 0.05078125
0 0.36328125 0.5 0.0359375 0.0625
0 0.3453125 0.509765625 0.04375 0.0859375
0 0.26796875 0.513671875 0.1109375 0.1171875
0 0.496875 0.455078125 0.03125 0.03125
