0 0.10859375 0.462890625 0.0671875 0.06640625
0 0.19140625 0.4677734375 0.0765625 0.060546875
0 0.2546875 0.4697265625 0.05 0.056640625
0 0.740625 0.4697265625 0.040625 0.056640625
0 0.74921875 0.48046875 0.0296875 0.0625
0 0.79296875 0.48046875 0.0328125 0.0703125
1 0.64140625 0.4716796875 0.0265625 0.072265625
1 0.61484375 0.4716796875 0.0265625 0.064453125
1 0.89296875 0.513671875 0.0421875 0.14453125
1 0.93359375 0.462890625 0.0296875 0.046875
1 0.9828125 0.5537109375 0.03125 0.169921875
1 0.925 0.552734375 0.046875 0.16796875
