0 0.03515625 0.630859375 0.0703125 0.1796875
0 0.10703125 0.580078125 0.1578125 0.15234375
0 0.203125 0.533203125 0.11875 0.1171875
0 0.27265625 0.509765625 0.0828125 0.0859375
0 0.31640625 0.482421875 0.0796875 0.07421875
0 0.36328125 0.4658203125 0.0421875 0.033203125
0 0.384375 0.4541015625 0.05 0.044921875
0 0.5703125 0.47265625 0.065625 0.0703125
0 0.6078125 0.4921875 0.0875 0.0703125
0 0.6375 0.5185546875 0.115625 0.123046875
0 0.73203125 0.46484375 0.0546875 0.0703125
0 0.428125 0.4443359375 0.028125 0.025390625
0 0.47265625 0.4345703125 0.0203125 0.025390625
1 0.45390625 0.443359375 0.0171875 0.03515625
1 0.490625 0.4375 0.015625 0.02734375
0 0.9515625 0.46484375 0.090625 0.109375
0 0.53828125 0.4638671875 0.0296875 0.044921875
0 0.521875 0.4482421875 0.025 0.033203125
0 0.4078125 0.4541015625 0.028125 0.037109375
