0 0.68828125 0.474609375 0.1171875 0.1015625
0 0.46953125 0.4580078125 0.0453125 0.041015625
0 0.37265625 0.4560546875 0.0296875 0.060546875
0 0.39921875 0.4609375 0.0421875 0.0390625
1 0.56796875 0.4677734375 0.0203125 0.115234375
1 0.58984375 0.462890625 0.0328125 0.140625
1 0.33125 0.45703125 0.03125 0.12890625
1 0.3546875 0.458984375 0.053125 0.1328125
1 0.0328125 0.443359375 0.046875 0.1484375
0 0.54765625 0.4580078125 0.0265625 0.064453125
0 0.62890625 0.4755859375 0.0421875 0.056640625
1 0.284375 0.451171875 0.028125 0.06640625
