1 0.578125 0.443359375 0.025 0.0859375
1 0.55703125 0.4384765625 0.0234375 0.087890625
1 0.40859375 0.4287109375 0.0234375 0.076171875
0 0.6421875 0.447265625 0.090625 0.10546875
0 0.35859375 0.435546875 0.0734375 0.0703125
0 0.19921875 0.427734375 0.0671875 0.0625
0 0.2609375 0.4462890625 0.11875 0.099609375
0 0.10703125 0.3994140625 0.1078125 0.072265625
0 0.11796875 0.421875 0.0609375 0.0703125
0 0.0609375 0.4267578125 0.0875 0.091796875
0 0.43203125 0.427734375 0.0265625 0.04296875
0 0.45234375 0.42578125 0.0203125 0.03515625
0 0.46015625 0.416015625 0.0296875 0.0390625
