0 0.909375 0.4697265625 0.0875 0.087890625
0 0.8515625 0.4794921875 0.04375 0.052734375
0 0.53984375 0.58984375 0.3765625 0.34375
0 0.31015625 0.4658203125 0.0546875 0.056640625
1 0.74375 0.4853515625 0.03125 0.095703125
1 0.171875 0.51171875 0.0375 0.1171875
1 0.13515625 0.509765625 0.0359375 0.12109375
1 0.11328125 0.513671875 0.0453125 0.10546875
1 0.0390625 0.505859375 0.053125 0.1171875
1 0.71640625 0.505859375 0.0296875 0.078125
1 0.71171875 0.4521484375 0.0234375 0.056640625
1 0.678125 0.458984375 0.025 0.0546875
