0 0.34375 0.4677734375 0.1125 0.060546875
0 0.57734375 0.4775390625 0.0609375 0.068359375
0 0.5453125 0.46875 0.0375 0.05078125
1 0.63046875 0.4697265625 0.0234375 0.087890625
1 0.61171875 0.4892578125 0.0546875 0.126953125
1 0.7125 0.6357421875 0.184375 0.541015625
1 0.8546875 0.44140625 0.021875 0.046875
1 0.98359375 0.451171875 0.0234375 0.05078125
1 0.4625 0.4482421875 0.01875 0.041015625
1 0.06171875 0.439453125 0.0234375 0.03125
1 0.04140625 0.4384765625 0.0265625 0.029296875
1 0.4515625 0.451171875 0.01875 0.0390625
1 0.08125 0.4384765625 0.021875 0.033203125
0 0.51875 0.453125 0.025 0.02734375
