0 0.1328125 0.4248046875 0.159375 0.107421875
0 0.028125 0.4140625 0.05625 0.0625
1 0.0390625 0.4365234375 0.034375 0.115234375
2 0.02890625 0.4990234375 0.0421875 0.064453125
2 0.096875 0.5 0.065625 0.05078125
1 0.09296875 0.4501953125 0.0578125 0.103515625
1 0.1765625 0.447265625 0.05 0.09765625
1 0.2078125 0.4345703125 0.028125 0.076171875
2 0.17578125 0.4921875 0.0578125 0.05078125
0 0.88203125 0.4248046875 0.0734375 0.083984375
1 0.36015625 0.43359375 0.0265625 0.1015625
1 0.2828125 0.439453125 0.028125 0.109375
1 0.4015625 0.4296875 0.025 0.07421875
1 0.41953125 0.42578125 0.0296875 0.08203125
1 0.48671875 0.4365234375 0.0265625 0.064453125
1 0.521875 0.4248046875 0.028125 0.087890625
1 0.30546875 0.431640625 0.0265625 0.046875
1 0.23828125 0.431640625 0.0265625 0.04296875
1 0.2640625 0.423828125 0.025 0.0390625
2 0.2296875 0.4833984375 0.025 0.041015625
2 0.3609375 0.46875 0.021875 0.046875
1 0.340625 0.4296875 0.028125 0.0390625
1 0.45 0.4248046875 0.025 0.041015625
2 0.4421875 0.4609375 0.025 0.0390625
2 0.4171875 0.4619140625 0.028125 0.041015625
