0 0.18984375 0.5615234375 0.2046875 0.162109375
0 0.2609375 0.5185546875 0.121875 0.107421875
0 0.32890625 0.4873046875 0.0703125 0.083984375
0 0.4171875 0.4580078125 0.040625 0.052734375
0 0.6421875 0.50390625 0.096875 0.09765625
0 0.66875 0.5302734375 0.109375 0.103515625
0 0.753125 0.5673828125 0.175 0.130859375
0 0.9078125 0.73046875 0.178125 0.33203125
0 0.10546875 0.482421875 0.1015625 0.08984375
0 0.36875 0.486328125 0.0375 0.0625
0 0.44765625 0.4482421875 0.0203125 0.029296875
0 0.45546875 0.4423828125 0.0203125 0.033203125
0 0.50078125 0.4443359375 0.0234375 0.029296875
0 0.59765625 0.486328125 0.0421875 0.06640625
0 0.584375 0.478515625 0.03125 0.046875
0 0.5609375 0.4609375 0.03125 0.04296875
0 0.5453125 0.443359375 0.03125 0.0390625
