0 0.06953125 0.4619140625 0.1328125 0.134765625
0 0.33984375 0.4755859375 0.0734375 0.068359375
0 0.39140625 0.4716796875 0.0515625 0.056640625
0 0.43515625 0.4580078125 0.0578125 0.052734375
0 0.61796875 0.4814453125 0.0546875 0.056640625
0 0.653125 0.505859375 0.06875 0.09765625
0 0.7015625 0.53125 0.109375 0.13671875
0 0.771875 0.5673828125 0.15625 0.189453125
0 0.8859375 0.6328125 0.209375 0.390625
0 0.590625 0.46875 0.040625 0.046875
0 0.57890625 0.4580078125 0.0328125 0.041015625
0 0.83515625 0.462890625 0.1046875 0.05859375
0 0.64296875 0.451171875 0.0328125 0.03515625
