2 0.109375 0.537109375 0.01875 0.08203125
2 0.17421875 0.5703125 0.0359375 0.12890625
1 0.11328125 0.4873046875 0.0515625 0.146484375
1 0.18046875 0.4599609375 0.0734375 0.154296875
1 0.57578125 0.490234375 0.0546875 0.19921875
1 0.61875 0.4443359375 0.034375 0.099609375
1 0.70078125 0.4814453125 0.0515625 0.169921875
1 0.65859375 0.517578125 0.0578125 0.23828125
1 0.8171875 0.4541015625 0.046875 0.154296875
1 0.775 0.5224609375 0.08125 0.275390625
1 0.88671875 0.525390625 0.0484375 0.19140625
1 0.94609375 0.509765625 0.0984375 0.30078125
0 0.01953125 0.494140625 0.0390625 0.09375
1 0.37890625 0.4677734375 0.0328125 0.087890625
2 0.40703125 0.505859375 0.0328125 0.0390625
2 0.3640625 0.505859375 0.03125 0.0390625
