1 0.61640625 0.4658203125 0.0453125 0.123046875
1 0.70625 0.451171875 0.025 0.078125
1 0.75390625 0.470703125 0.0265625 0.10546875
1 0.7890625 0.46875 0.03125 0.125
1 0.77578125 0.4873046875 0.0265625 0.119140625
1 0.865625 0.47265625 0.03125 0.1328125
1 0.9 0.4658203125 0.0375 0.146484375
0 0.4109375 0.46484375 0.0375 0.046875
0 0.29140625 0.4697265625 0.0296875 0.044921875
0 0.2578125 0.4755859375 0.05625 0.068359375
0 0.19375 0.48046875 0.075 0.0859375
0 0.37421875 0.46875 0.0328125 0.02734375
1 0.4890625 0.4609375 0.01875 0.0390625
1 0.1375 0.482421875 0.021875 0.11328125
1 0.1515625 0.470703125 0.025 0.125
1 0.1203125 0.484375 0.034375 0.12109375
1 0.0921875 0.48046875 0.025 0.125
1 0.01328125 0.4521484375 0.0234375 0.044921875
2 0.01875 0.490234375 0.03125 0.03125
