0 0.08359375 0.6171875 0.1671875 0.203125
0 0.25 0.5302734375 0.14375 0.115234375
0 0.3125 0.505859375 0.046875 0.078125
0 0.35859375 0.4736328125 0.0734375 0.064453125
0 0.39921875 0.4638671875 0.0453125 0.041015625
0 0.584375 0.4716796875 0.05 0.037109375
0 0.63671875 0.50390625 0.0921875 0.078125
0 0.815625 0.501953125 0.08125 0.09375
0 0.9234375 0.53125 0.146875 0.109375
0 0.73359375 0.5576171875 0.1515625 0.146484375
2 0.9109375 0.6875 0.175 0.1953125
0 0.4421875 0.455078125 0.025 0.0390625
1 0.45859375 0.4541015625 0.0109375 0.044921875
0 0.42734375 0.4599609375 0.0265625 0.037109375
0 0.76171875 0.4755859375 0.0421875 0.041015625
0 0.3578125 0.4921875 0.0375 0.0625
