1 0.3453125 0.4873046875 0.03125 0.138671875
1 0.3734375 0.5 0.040625 0.13671875
1 0.50234375 0.498046875 0.0515625 0.13671875
1 0.54375 0.5048828125 0.05625 0.146484375
1 0.584375 0.509765625 0.05625 0.140625
1 0.63203125 0.5068359375 0.0484375 0.162109375
1 0.66171875 0.5400390625 0.0953125 0.216796875
1 0.75390625 0.5166015625 0.0671875 0.162109375
1 0.809375 0.521484375 0.05625 0.18359375
1 0.878125 0.5078125 0.025 0.1640625
2 0.934375 0.5712890625 0.078125 0.138671875
2 0.98125 0.5322265625 0.034375 0.052734375
1 0.69453125 0.5048828125 0.0421875 0.134765625
