2 0.2328125 0.69921875 0.059375 0.140625
1 0.9359375 0.7626953125 0.121875 0.369140625
1 0.24140625 0.5810546875 0.1015625 0.193359375
0 0.08671875 0.5908203125 0.1734375 0.193359375
0 0.2796875 0.533203125 0.09375 0.1171875
0 0.37734375 0.4794921875 0.0703125 0.068359375
0 0.4640625 0.46484375 0.04375 0.04296875
0 0.5921875 0.447265625 0.028125 0.03125
0 0.62734375 0.4892578125 0.0453125 0.064453125
0 0.6578125 0.5048828125 0.059375 0.076171875
0 0.73203125 0.5390625 0.1609375 0.16796875
0 0.31484375 0.51171875 0.0609375 0.08984375
0 0.40234375 0.4697265625 0.0453125 0.060546875
0 0.4203125 0.46484375 0.03125 0.05078125
0 0.42734375 0.4609375 0.0421875 0.0546875
0 0.48359375 0.447265625 0.0265625 0.02734375
1 0.51953125 0.4609375 0.0140625 0.04296875
