0 0.0578125 0.509765625 0.1125 0.1328125
0 0.1375 0.5009765625 0.1 0.087890625
1 0.63984375 0.498046875 0.0453125 0.109375
2 0.64375 0.53125 0.01875 0.07421875
1 0.49375 0.4599609375 0.025 0.052734375
2 0.4984375 0.478515625 0.046875 0.03125
1 0.53046875 0.455078125 0.0109375 0.04296875
1 0.55234375 0.4580078125 0.0140625 0.037109375
0 0.3859375 0.458984375 0.034375 0.03125
0 0.40234375 0.4560546875 0.0296875 0.037109375
0 0.46171875 0.4580078125 0.0234375 0.021484375
0 0.425 0.4580078125 0.021875 0.033203125
0 0.4375 0.45703125 0.01875 0.02734375
