1 0.8703125 0.525390625 0.028125 0.07421875
1 0.83984375 0.513671875 0.0296875 0.08203125
3 0.81796875 0.541015625 0.0265625 0.03515625
0 0.97109375 0.6865234375 0.0546875 0.115234375
0 0.62109375 0.49609375 0.0578125 0.0546875
0 0.6078125 0.484375 0.05 0.05078125
0 0.39453125 0.474609375 0.0484375 0.04296875
0 0.33046875 0.44921875 0.0328125 0.04296875
0 0.27109375 0.431640625 0.0484375 0.02734375
0 0.26171875 0.5751953125 0.2296875 0.259765625
0 0.15 0.736328125 0.3 0.3984375
0 0.08203125 0.4873046875 0.1609375 0.091796875
0 0.4125 0.458984375 0.0375 0.046875
0 0.56328125 0.46875 0.0234375 0.03125
0 0.578125 0.4765625 0.025 0.03515625
