1 0.16875 0.462890625 0.03125 0.07421875
1 0.0640625 0.6396484375 0.1 0.318359375
1 0.66171875 0.451171875 0.0265625 0.046875
1 0.8359375 0.4873046875 0.040625 0.115234375
1 0.93515625 0.482421875 0.0359375 0.109375
0 0.57265625 0.451171875 0.0515625 0.03515625
0 0.428125 0.43359375 0.03125 0.03125
0 0.509375 0.501953125 0.1 0.109375
1 0.77265625 0.447265625 0.0265625 0.0390625
1 0.9890625 0.484375 0.01875 0.10546875
1 0.36875 0.4453125 0.01875 0.0390625
2 0.58828125 0.4814453125 0.0578125 0.044921875
0 0.515625 0.4326171875 0.025 0.033203125
