1 0.9078125 0.4228515625 0.021875 0.103515625
1 0.77890625 0.41015625 0.0203125 0.06640625
1 0.75859375 0.3994140625 0.0203125 0.052734375
1 0.734375 0.400390625 0.01875 0.05078125
1 0.70390625 0.396484375 0.0140625 0.046875
1 0.69140625 0.400390625 0.0140625 0.04296875
1 0.64375 0.4150390625 0.01875 0.064453125
1 0.61953125 0.41015625 0.0203125 0.0546875
0 0.5546875 0.4462890625 0.08125 0.076171875
0 0.49765625 0.4228515625 0.0453125 0.052734375
0 0.4296875 0.435546875 0.090625 0.109375
0 0.37890625 0.416015625 0.0265625 0.03515625
0 0.35546875 0.4169921875 0.0296875 0.037109375
0 0.3265625 0.4169921875 0.028125 0.044921875
0 0.26796875 0.44921875 0.1171875 0.08984375
1 0.8015625 0.41015625 0.01875 0.05859375
