1 0.6546875 0.478515625 0.03125 0.09765625
1 0.6984375 0.470703125 0.040625 0.125
1 0.60625 0.458984375 0.028125 0.06640625
1 0.58125 0.4541015625 0.025 0.056640625
1 0.16953125 0.4892578125 0.0265625 0.060546875
1 0.1515625 0.4921875 0.021875 0.0703125
0 0.809375 0.4501953125 0.0625 0.099609375
0 0.92421875 0.4501953125 0.1453125 0.134765625
0 0.9484375 0.4873046875 0.0875 0.103515625
0 0.5046875 0.583984375 0.515625 0.24609375
1 0.5515625 0.4501953125 0.01875 0.033203125
0 0.72734375 0.4560546875 0.0359375 0.052734375
1 0.36171875 0.4619140625 0.0109375 0.025390625
1 0.3703125 0.462890625 0.009375 0.02734375
1 0.3765625 0.4619140625 0.009375 0.029296875
1 0.128125 0.4892578125 0.021875 0.033203125
1 0.1109375 0.49609375 0.021875 0.0546875
