0 0.05625 0.5009765625 0.1125 0.212890625
0 0.0953125 0.46484375 0.190625 0.2265625
0 0.20078125 0.4296875 0.0671875 0.0625
0 0.325 0.5517578125 0.303125 0.302734375
0 0.846875 0.4931640625 0.303125 0.232421875
0 0.90703125 0.54296875 0.1796875 0.23046875
1 0.66640625 0.4921875 0.0671875 0.23046875
1 0.60234375 0.5009765625 0.0859375 0.205078125
1 0.52890625 0.466796875 0.0328125 0.10546875
1 0.57421875 0.4306640625 0.0296875 0.060546875
1 0.553125 0.4658203125 0.03125 0.119140625
1 0.50859375 0.4619140625 0.0265625 0.103515625
1 0.49375 0.443359375 0.01875 0.0625
1 0.4578125 0.44140625 0.028125 0.07421875
