2 0.35390625 0.5546875 0.0328125 0.09765625
1 0.3484375 0.5078125 0.053125 0.171875
1 0.4171875 0.4814453125 0.0375 0.138671875
1 0.72421875 0.48046875 0.0421875 0.1796875
1 0.78671875 0.4814453125 0.0453125 0.181640625
0 0.81953125 0.458984375 0.0453125 0.0703125
0 0.92578125 0.44921875 0.1453125 0.140625
0 0.95078125 0.490234375 0.0953125 0.12109375
1 0.64375 0.4501953125 0.021875 0.029296875
1 0.16875 0.4775390625 0.01875 0.037109375
1 0.12734375 0.4853515625 0.0203125 0.033203125
1 0.1140625 0.490234375 0.01875 0.05078125
1 0.59609375 0.4580078125 0.0203125 0.056640625
1 0.61484375 0.4619140625 0.0203125 0.056640625
