2 0.9765625 0.5625 0.04375 0.171875
2 0.76640625 0.5107421875 0.0296875 0.087890625
2 0.64921875 0.5078125 0.0328125 0.07421875
0 0.21953125 0.48046875 0.0796875 0.06640625
0 0.2859375 0.4765625 0.046875 0.046875
2 0.3546875 0.4794921875 0.009375 0.025390625
1 0.109375 0.4716796875 0.01875 0.080078125
2 0.94296875 0.5654296875 0.0265625 0.177734375
2 0.88046875 0.5595703125 0.1078125 0.189453125
2 0.8171875 0.5146484375 0.040625 0.103515625
2 0.71953125 0.53125 0.0484375 0.07421875
1 0.71484375 0.4765625 0.0109375 0.03515625
1 0.63359375 0.4912109375 0.0171875 0.087890625
0 0.3203125 0.4736328125 0.028125 0.041015625
1 0.353125 0.455078125 0.009375 0.0234375
0 0.34296875 0.462890625 0.0171875 0.03125
2 0.603125 0.4892578125 0.021875 0.056640625
2 0.571875 0.486328125 0.028125 0.06640625
1 0.1484375 0.48046875 0.015625 0.06640625
2 0.13046875 0.498046875 0.0203125 0.05078125
2 0.0109375 0.5166015625 0.021875 0.064453125
