1 0.784375 0.443359375 0.021875 0.06640625
1 0.7453125 0.443359375 0.021875 0.0625
1 0.73359375 0.4404296875 0.0109375 0.037109375
1 0.71484375 0.4443359375 0.0203125 0.056640625
1 0.67734375 0.4375 0.0140625 0.046875
1 0.65546875 0.4443359375 0.0171875 0.041015625
0 0.61484375 0.4482421875 0.0515625 0.060546875
0 0.5796875 0.439453125 0.01875 0.03515625
0 0.55546875 0.423828125 0.0203125 0.0234375
0 0.534375 0.4462890625 0.025 0.025390625
0 0.48125 0.4423828125 0.03125 0.033203125
0 0.44453125 0.4580078125 0.0484375 0.052734375
0 0.27890625 0.4921875 0.1640625 0.1328125
0 0.10859375 0.498046875 0.1578125 0.125
