0 0.97734375 0.4501953125 0.0359375 0.107421875
0 0.95234375 0.4638671875 0.0265625 0.044921875
0 0.925 0.4638671875 0.03125 0.056640625
1 0.8984375 0.46875 0.03125 0.10546875
0 0.87578125 0.4609375 0.0234375 0.05078125
0 0.8359375 0.466796875 0.053125 0.0546875
0 0.76953125 0.45703125 0.0703125 0.0625
1 0.7265625 0.4580078125 0.01875 0.044921875
1 0.6703125 0.447265625 0.021875 0.0625
1 0.65390625 0.4609375 0.0203125 0.078125
1 0.63984375 0.4404296875 0.0203125 0.052734375
1 0.6296875 0.4365234375 0.021875 0.041015625
1 0.61171875 0.43359375 0.0203125 0.04296875
1 0.596875 0.43359375 0.01875 0.046875
1 0.5765625 0.431640625 0.01875 0.046875
1 0.5640625 0.4404296875 0.01875 0.033203125
1 0.55 0.4326171875 0.01875 0.041015625
1 0.52734375 0.4453125 0.0203125 0.0390625
0 0.4671875 0.44921875 0.03125 0.03125
1 0.3265625 0.4560546875 0.0125 0.025390625
1 0.315625 0.451171875 0.0125 0.03125
1 0.30625 0.453125 0.0125 0.0390625
1 0.29453125 0.4501953125 0.0109375 0.041015625
1 0.28515625 0.451171875 0.0140625 0.04296875
0 0.240625 0.48828125 0.0875 0.08203125
0 0.08984375 0.53515625 0.1796875 0.2109375
