0 0.67265625 0.4208984375 0.1171875 0.091796875
0 0.81015625 0.4267578125 0.1296875 0.099609375
2 0.38984375 0.515625 0.0703125 0.11328125
2 0.30625 0.517578125 0.075 0.10546875
1 0.34296875 0.4619140625 0.0796875 0.177734375
1 0.60390625 0.46484375 0.0578125 0.1328125
2 0.63359375 0.53515625 0.0515625 0.0703125
2 0.578125 0.513671875 0.053125 0.1171875
2 0.746875 0.515625 0.05625 0.0859375
2 0.80234375 0.525390625 0.0453125 0.06640625
1 0.77421875 0.470703125 0.0515625 0.12890625
2 0.87734375 0.51953125 0.0578125 0.0703125
2 0.92265625 0.5126953125 0.0359375 0.083984375
1 0.89296875 0.453125 0.0609375 0.1640625
1 0.9671875 0.435546875 0.05625 0.11328125
