1 0.96640625 0.453125 0.0234375 0.09765625
1 0.95625 0.4609375 0.025 0.0859375
1 0.93359375 0.412109375 0.0203125 0.02734375
1 0.9296875 0.458984375 0.021875 0.0625
1 0.9078125 0.44140625 0.021875 0.0625
1 0.896875 0.443359375 0.01875 0.06640625
1 0.85546875 0.4365234375 0.0234375 0.068359375
1 0.8359375 0.4365234375 0.01875 0.060546875
1 0.8078125 0.4384765625 0.01875 0.056640625
1 0.7453125 0.4619140625 0.021875 0.091796875
1 0.72421875 0.4482421875 0.0203125 0.060546875
1 0.70546875 0.44921875 0.0203125 0.0625
0 0.6484375 0.505859375 0.14375 0.12109375
0 0.5453125 0.4736328125 0.059375 0.064453125
0 0.515625 0.4619140625 0.028125 0.056640625
0 0.49375 0.4599609375 0.021875 0.044921875
0 0.4484375 0.47265625 0.078125 0.08984375
0 0.41328125 0.4462890625 0.0203125 0.025390625
0 0.3828125 0.4521484375 0.01875 0.029296875
0 0.34453125 0.474609375 0.0796875 0.09375
0 0.303125 0.4716796875 0.028125 0.068359375
0 0.25703125 0.4736328125 0.0671875 0.087890625
0 0.184375 0.4990234375 0.10625 0.091796875
