0 0.91640625 0.5234375 0.1640625 0.265625
0 0.81796875 0.5419921875 0.0421875 0.115234375
0 0.775 0.54296875 0.046875 0.109375
0 0.7 0.52734375 0.1 0.109375
0 0.63984375 0.4931640625 0.0203125 0.029296875
0 0.6015625 0.4951171875 0.040625 0.029296875
0 0.56953125 0.494140625 0.0203125 0.03515625
0 0.5484375 0.4951171875 0.021875 0.037109375
1 0.41640625 0.486328125 0.0203125 0.0390625
2 0.41796875 0.5185546875 0.0234375 0.025390625
1 0.40234375 0.4921875 0.0109375 0.04296875
1 0.259375 0.4951171875 0.01875 0.060546875
