0 0.809375 0.462890625 0.05625 0.07421875
0 0.88046875 0.466796875 0.0578125 0.08984375
1 0.96953125 0.509765625 0.0453125 0.29296875
1 0.93203125 0.5546875 0.0859375 0.328125
1 0.6296875 0.462890625 0.03125 0.09765625
1 0.653125 0.4609375 0.021875 0.07421875
1 0.6 0.4677734375 0.021875 0.091796875
1 0.090625 0.4912109375 0.025 0.076171875
1 0.065625 0.4892578125 0.021875 0.072265625
0 0.72734375 0.4580078125 0.0359375 0.060546875
1 0.128125 0.482421875 0.021875 0.04296875
1 0.11171875 0.4970703125 0.0234375 0.052734375
1 0.40703125 0.458984375 0.0109375 0.02734375
1 0.4015625 0.4609375 0.0125 0.03125
0 0.45546875 0.4609375 0.0359375 0.02734375
1 0.57890625 0.462890625 0.0203125 0.05859375
