1 0.95859375 0.494140625 0.0421875 0.125
0 0.79453125 0.486328125 0.0703125 0.05859375
0 0.79375 0.4521484375 0.06875 0.037109375
1 0.7296875 0.48046875 0.01875 0.07421875
1 0.69453125 0.4755859375 0.0203125 0.060546875
1 0.675 0.4775390625 0.021875 0.064453125
1 0.65625 0.4765625 0.021875 0.0625
0 0.58515625 0.4873046875 0.0578125 0.056640625
0 0.54296875 0.4775390625 0.0328125 0.033203125
0 0.45625 0.4697265625 0.05 0.033203125
0 0.3875 0.47265625 0.046875 0.0546875
0 0.27890625 0.4755859375 0.0703125 0.068359375
1 0.2 0.474609375 0.0125 0.03515625
1 0.18359375 0.4697265625 0.0171875 0.041015625
1 0.1609375 0.4716796875 0.01875 0.037109375
1 0.12578125 0.482421875 0.0203125 0.05859375
0 0.0640625 0.48828125 0.109375 0.0859375
0 0.35859375 0.46484375 0.0203125 0.03125
