1 0.94921875 0.4453125 0.0296875 0.16796875
1 0.9203125 0.431640625 0.03125 0.15234375
1 0.87265625 0.4228515625 0.0296875 0.134765625
1 0.85078125 0.4228515625 0.0234375 0.115234375
1 0.82578125 0.3681640625 0.0140625 0.041015625
1 0.81796875 0.357421875 0.0109375 0.02734375
1 0.809375 0.4228515625 0.028125 0.115234375
1 0.7796875 0.41796875 0.021875 0.10546875
1 0.75859375 0.45703125 0.0265625 0.11328125
1 0.7390625 0.4345703125 0.01875 0.087890625
1 0.7515625 0.384765625 0.0125 0.0234375
1 0.73984375 0.37890625 0.0171875 0.0234375
1 0.66328125 0.37890625 0.0203125 0.05078125
1 0.69609375 0.4140625 0.0234375 0.09765625
1 0.6484375 0.37890625 0.01875 0.0546875
1 0.621875 0.390625 0.01875 0.0546875
1 0.609375 0.392578125 0.01875 0.0546875
1 0.58359375 0.37890625 0.0203125 0.03515625
1 0.5984375 0.38671875 0.01875 0.0546875
0 0.55234375 0.4365234375 0.0890625 0.091796875
0 0.52265625 0.4013671875 0.0609375 0.064453125
0 0.4703125 0.3779296875 0.021875 0.033203125
0 0.43984375 0.3681640625 0.0421875 0.029296875
0 0.43515625 0.41015625 0.0609375 0.05859375
0 0.49296875 0.392578125 0.0296875 0.046875
0 0.3984375 0.37890625 0.01875 0.03515625
0 0.3859375 0.390625 0.021875 0.0390625
0 0.37578125 0.39453125 0.0265625 0.0546875
0 0.35390625 0.4052734375 0.0453125 0.072265625
0 0.29296875 0.419921875 0.1015625 0.09765625
0 0.25 0.40234375 0.015625 0.01953125
0 0.23671875 0.4228515625 0.0171875 0.076171875
1 0.2125 0.4267578125 0.03125 0.099609375
0 0.1859375 0.4296875 0.028125 0.0859375
1 0.071875 0.4189453125 0.028125 0.083984375
1 0.03984375 0.4208984375 0.0203125 0.083984375
1 0.98046875 0.388671875 0.0359375 0.04296875
1 0.9796875 0.513671875 0.0375 0.2109375
