0 0.94296875 0.55078125 0.1078125 0.203125
0 0.815625 0.5087890625 0.215625 0.181640625
0 0.68671875 0.4951171875 0.0953125 0.095703125
0 0.628125 0.4892578125 0.05 0.072265625
0 0.59765625 0.4833984375 0.0359375 0.060546875
0 0.571875 0.478515625 0.034375 0.046875
0 0.54609375 0.478515625 0.0234375 0.03515625
0 0.5015625 0.48046875 0.01875 0.0234375
0 0.47578125 0.478515625 0.0203125 0.0234375
0 0.45859375 0.482421875 0.0203125 0.0234375
0 0.43671875 0.4833984375 0.0203125 0.025390625
1 0.2875 0.4755859375 0.015625 0.052734375
1 0.26015625 0.4775390625 0.0203125 0.064453125
