1 0.73515625 0.5166015625 0.0421875 0.083984375
1 0.67734375 0.505859375 0.0296875 0.09765625
3 0.65390625 0.537109375 0.0328125 0.03125
0 0.95703125 0.5146484375 0.0734375 0.099609375
0 0.42890625 0.4912109375 0.0703125 0.068359375
0 0.41328125 0.478515625 0.0515625 0.05859375
0 0.95859375 0.80859375 0.0765625 0.17578125
0 0.22734375 0.458984375 0.0359375 0.05078125
0 0.2015625 0.46484375 0.040625 0.0546875
0 0.171875 0.484375 0.0625 0.0625
0 0.38515625 0.47265625 0.0265625 0.046875
0 0.37109375 0.4677734375 0.0296875 0.041015625
0 0.35390625 0.4599609375 0.0265625 0.029296875
0 0.1046875 0.4599609375 0.034375 0.056640625
0 0.078125 0.455078125 0.046875 0.078125
0 0.0203125 0.4580078125 0.0375 0.068359375
