0 0.57265625 0.46484375 0.0578125 0.06640625
0 0.54296875 0.4580078125 0.0296875 0.037109375
0 0.4796875 0.466796875 0.059375 0.0703125
0 0.4234375 0.44140625 0.040625 0.03515625
1 0.95 0.515625 0.04375 0.13671875
1 0.840625 0.4775390625 0.025 0.044921875
1 0.78203125 0.4541015625 0.0265625 0.041015625
1 0.75390625 0.4912109375 0.0328125 0.119140625
1 0.35078125 0.4501953125 0.0203125 0.041015625
1 0.62109375 0.654296875 0.1078125 0.34375
1 0.671875 0.4541015625 0.01875 0.052734375
0 0.51796875 0.4384765625 0.0234375 0.041015625
