0 0.05859375 0.6123046875 0.1171875 0.294921875
0 0.1609375 0.548828125 0.140625 0.1640625
0 0.25390625 0.50390625 0.1109375 0.12109375
0 0.3234375 0.5 0.046875 0.0859375
0 0.4109375 0.458984375 0.05625 0.04296875
0 0.5796875 0.462890625 0.05 0.0546875
0 0.70625 0.5654296875 0.15625 0.146484375
0 0.85859375 0.634765625 0.2765625 0.26953125
0 0.93046875 0.8046875 0.1359375 0.2890625
0 0.453125 0.4453125 0.040625 0.03515625
0 0.7046875 0.4453125 0.046875 0.05859375
0 0.7859375 0.443359375 0.128125 0.07421875
0 0.93828125 0.4580078125 0.1078125 0.041015625
0 0.34921875 0.4892578125 0.0328125 0.064453125
