1 0.796875 0.4892578125 0.028125 0.064453125
1 0.83125 0.4951171875 0.028125 0.056640625
1 0.92421875 0.494140625 0.0234375 0.03125
1 0.88828125 0.6435546875 0.1078125 0.318359375
0 0.5421875 0.6337890625 0.296875 0.302734375
0 0.3921875 0.494140625 0.053125 0.05859375
1 0.08828125 0.4970703125 0.0328125 0.056640625
1 0.2609375 0.501953125 0.01875 0.05859375
0 0.48125 0.498046875 0.121875 0.08984375
1 0.271875 0.5 0.015625 0.0625
1 0.32421875 0.478515625 0.0140625 0.0234375
2 0.89453125 0.73046875 0.0953125 0.16796875
