2 0.0484375 0.5830078125 0.096875 0.240234375
2 0.178125 0.5439453125 0.090625 0.177734375
1 0.35234375 0.47265625 0.0234375 0.0859375
1 0.315625 0.4697265625 0.01875 0.076171875
1 0.64453125 0.5458984375 0.1078125 0.408203125
3 0.69296875 0.58984375 0.0296875 0.046875
1 0.1859375 0.482421875 0.078125 0.23828125
1 0.04453125 0.486328125 0.0859375 0.30859375
0 0.93359375 0.5478515625 0.1296875 0.232421875
0 0.86875 0.505859375 0.259375 0.23046875
0 0.72734375 0.50390625 0.0609375 0.15234375
0 0.5578125 0.490234375 0.0875 0.1484375
0 0.484375 0.4921875 0.053125 0.0859375
0 0.47421875 0.48046875 0.1171875 0.09375
0 0.38984375 0.4765625 0.0421875 0.0703125
0 0.12109375 0.4814453125 0.0609375 0.091796875
1 0.61796875 0.392578125 0.0453125 0.046875
