1 0.75546875 0.4638671875 0.0265625 0.083984375
1 0.72734375 0.470703125 0.0265625 0.0859375
1 0.38984375 0.4755859375 0.0265625 0.068359375
1 0.29765625 0.458984375 0.0203125 0.0625
1 0.88828125 0.5126953125 0.0328125 0.119140625
1 0.9125 0.509765625 0.025 0.10546875
1 0.93671875 0.5078125 0.0265625 0.109375
1 0.9546875 0.51171875 0.021875 0.10546875
0 0.56328125 0.4619140625 0.0265625 0.029296875
1 0.31328125 0.4619140625 0.0203125 0.064453125
1 0.3421875 0.45703125 0.01875 0.05078125
1 0.4875 0.453125 0.0125 0.02734375
1 0.503125 0.4541015625 0.0125 0.025390625
2 0.175 0.48046875 0.025 0.03515625
1 0.68046875 0.455078125 0.0296875 0.05078125
0 0.4546875 0.4580078125 0.021875 0.029296875
1 0.71171875 0.4736328125 0.0203125 0.083984375
2 0.3875 0.4912109375 0.01875 0.044921875
