1 0.45859375 0.4755859375 0.0328125 0.072265625
1 0.3734375 0.474609375 0.028125 0.08203125
1 0.23125 0.4638671875 0.01875 0.052734375
0 0.3921875 0.4658203125 0.021875 0.037109375
0 0.7171875 0.462890625 0.065625 0.0625
2 0.73203125 0.5322265625 0.0703125 0.107421875
2 0.9203125 0.5478515625 0.0375 0.091796875
2 0.78203125 0.509765625 0.0609375 0.140625
2 0.83828125 0.5234375 0.0328125 0.12109375
2 0.93984375 0.51953125 0.0203125 0.08984375
0 0.646875 0.4599609375 0.025 0.072265625
1 0.55 0.4560546875 0.009375 0.029296875
1 0.340625 0.45703125 0.0125 0.03515625
2 0.140625 0.494140625 0.025 0.078125
2 0.11796875 0.4921875 0.0203125 0.07421875
2 0.09375 0.48828125 0.025 0.078125
2 0.078125 0.4912109375 0.015625 0.083984375
2 0.02109375 0.5029296875 0.0421875 0.091796875
