0 0.61875 0.4658203125 0.078125 0.083984375
0 0.56328125 0.4482421875 0.0359375 0.064453125
0 0.540625 0.455078125 0.021875 0.046875
0 0.52734375 0.4462890625 0.0203125 0.033203125
0 0.509375 0.4453125 0.025 0.02734375
0 0.4921875 0.443359375 0.015625 0.01953125
0 0.45546875 0.4482421875 0.0359375 0.041015625
0 0.3515625 0.4541015625 0.028125 0.060546875
1 0.32109375 0.4716796875 0.0234375 0.138671875
2 0.36015625 0.513671875 0.0515625 0.046875
2 0.2890625 0.5126953125 0.04375 0.056640625
0 0.26875 0.470703125 0.084375 0.09375
