1 0.93359375 0.53515625 0.1171875 0.3984375
1 0.28125 0.458984375 0.03125 0.08203125
1 0.01640625 0.4365234375 0.0265625 0.123046875
1 0.6875 0.462890625 0.059375 0.140625
0 0.71875 0.47265625 0.04375 0.09765625
0 0.525 0.45703125 0.053125 0.06640625
0 0.334375 0.46484375 0.06875 0.0703125
0 0.371875 0.45703125 0.028125 0.06640625
0 0.5703125 0.451171875 0.05625 0.05859375
0 0.596875 0.46484375 0.053125 0.05859375
0 0.621875 0.474609375 0.053125 0.05859375
0 0.66171875 0.4677734375 0.0484375 0.091796875
0 0.39453125 0.4609375 0.0234375 0.04296875
