2 0.24375 0.53125 0.04375 0.0859375
1 0.246875 0.484375 0.0375 0.1015625
1 0.0234375 0.490234375 0.0375 0.109375
1 0.77109375 0.482421875 0.0234375 0.05859375
1 0.68046875 0.46875 0.0203125 0.0703125
1 0.7328125 0.47265625 0.028125 0.08203125
1 0.69921875 0.4765625 0.0328125 0.0703125
1 0.8484375 0.455078125 0.021875 0.04296875
1 0.87578125 0.4501953125 0.0359375 0.056640625
0 0.43046875 0.509765625 0.2765625 0.30078125
1 0.0859375 0.4814453125 0.021875 0.068359375
1 0.14453125 0.4794921875 0.0203125 0.068359375
1 0.1140625 0.4794921875 0.021875 0.068359375
