2 0.62890625 0.537109375 0.0265625 0.07421875
2 0.5796875 0.533203125 0.021875 0.08203125
1 0.578125 0.490234375 0.0375 0.14453125
1 0.62421875 0.5 0.0421875 0.13671875
0 0.7328125 0.5146484375 0.15625 0.169921875
0 0.86328125 0.5712890625 0.2609375 0.201171875
0 0.40078125 0.4736328125 0.0546875 0.068359375
0 0.359375 0.4873046875 0.075 0.064453125
0 0.2390625 0.5009765625 0.146875 0.134765625
0 0.08671875 0.5517578125 0.1703125 0.212890625
0 0.4359375 0.470703125 0.0375 0.04296875
0 0.44921875 0.458984375 0.0359375 0.04296875
0 0.49375 0.45703125 0.025 0.0234375
2 0.9453125 0.716796875 0.10625 0.17578125
0 0.66328125 0.494140625 0.0421875 0.078125
