0 0.59609375 0.474609375 0.0671875 0.06640625
0 0.815625 0.44921875 0.078125 0.0390625
1 0.48828125 0.5048828125 0.0265625 0.119140625
1 0.459375 0.501953125 0.034375 0.15234375
1 0.42265625 0.5048828125 0.0609375 0.228515625
1 0.390625 0.4716796875 0.034375 0.119140625
1 0.35390625 0.4765625 0.0515625 0.12109375
1 0.31015625 0.4521484375 0.0328125 0.115234375
1 0.23671875 0.4462890625 0.0234375 0.119140625
1 0.2140625 0.4521484375 0.03125 0.103515625
1 0.196875 0.4453125 0.028125 0.08984375
1 0.2625 0.44921875 0.021875 0.10546875
0 0.69140625 0.4404296875 0.0765625 0.044921875
0 0.1796875 0.4404296875 0.03125 0.056640625
0 0.6625 0.4541015625 0.06875 0.033203125
