0 0.73671875 0.515625 0.1046875 0.1015625
0 0.671875 0.4931640625 0.04375 0.060546875
0 0.43515625 0.47265625 0.0734375 0.07421875
0 0.4234375 0.48828125 0.040625 0.0703125
0 0.37265625 0.501953125 0.1078125 0.0859375
0 0.209375 0.525390625 0.209375 0.1953125
0 0.0875 0.57421875 0.171875 0.23046875
1 0.87578125 0.568359375 0.1109375 0.3125
2 0.87578125 0.6806640625 0.0578125 0.177734375
2 0.96875 0.7646484375 0.059375 0.169921875
1 0.9609375 0.6484375 0.075 0.3125
0 0.5109375 0.462890625 0.03125 0.03515625
0 0.6515625 0.486328125 0.028125 0.04296875
0 0.64453125 0.4814453125 0.0296875 0.041015625
0 0.6328125 0.4755859375 0.03125 0.044921875
0 0.61015625 0.470703125 0.0265625 0.02734375
0 0.47578125 0.4755859375 0.0265625 0.037109375
