0 0.90234375 0.609375 0.1921875 0.31640625
0 0.825 0.44921875 0.078125 0.05078125
1 0.77734375 0.4599609375 0.0296875 0.103515625
0 0.71953125 0.4375 0.0265625 0.0390625
0 0.696875 0.4365234375 0.01875 0.041015625
0 0.66171875 0.4228515625 0.0453125 0.025390625
1 0.659375 0.478515625 0.025 0.08203125
0 0.6296875 0.4580078125 0.025 0.044921875
0 0.5296875 0.458984375 0.021875 0.04296875
0 0.4984375 0.455078125 0.021875 0.03515625
0 0.35859375 0.4560546875 0.0296875 0.029296875
0 0.3390625 0.453125 0.01875 0.0234375
0 0.31875 0.4521484375 0.025 0.029296875
0 0.28828125 0.4296875 0.0328125 0.0234375
0 0.29453125 0.4619140625 0.0265625 0.041015625
0 0.2734375 0.4794921875 0.0375 0.072265625
0 0.2015625 0.4873046875 0.128125 0.177734375
0 0.10390625 0.5703125 0.2078125 0.58203125
