0 0.0171875 0.5068359375 0.034375 0.091796875
0 0.06171875 0.4990234375 0.0671875 0.091796875
0 0.159375 0.4794921875 0.075 0.072265625
1 0.10390625 0.47265625 0.0203125 0.0625
1 0.40078125 0.4677734375 0.0296875 0.087890625
2 0.55234375 0.474609375 0.0359375 0.02734375
1 0.3234375 0.4521484375 0.009375 0.025390625
1 0.30703125 0.4638671875 0.0109375 0.037109375
1 0.28984375 0.4521484375 0.0140625 0.037109375
2 0.325 0.4716796875 0.009375 0.025390625
2 0.28828125 0.4794921875 0.0078125 0.029296875
2 0.5265625 0.474609375 0.021875 0.03515625
