0 0.88359375 0.4638671875 0.2296875 0.310546875
0 0.7421875 0.466796875 0.109375 0.15234375
0 0.68046875 0.4677734375 0.0734375 0.099609375
0 0.640625 0.462890625 0.053125 0.078125
0 0.60859375 0.4619140625 0.0328125 0.060546875
0 0.584375 0.45703125 0.034375 0.05078125
0 0.5078125 0.439453125 0.01875 0.01953125
0 0.409375 0.4404296875 0.015625 0.017578125
0 0.3796875 0.4423828125 0.028125 0.037109375
0 0.35 0.451171875 0.03125 0.0390625
0 0.321875 0.4541015625 0.046875 0.044921875
0 0.2671875 0.4638671875 0.084375 0.072265625
0 0.09296875 0.6025390625 0.1859375 0.447265625
