0 0.02578125 0.5458984375 0.0515625 0.177734375
0 0.21171875 0.5126953125 0.1359375 0.099609375
0 0.278125 0.490234375 0.0875 0.1015625
0 0.3265625 0.482421875 0.034375 0.0703125
0 0.40390625 0.4697265625 0.0421875 0.041015625
0 0.5140625 0.458984375 0.028125 0.0234375
0 0.76953125 0.4580078125 0.0765625 0.095703125
0 0.725 0.4677734375 0.040625 0.072265625
0 0.6890625 0.4609375 0.040625 0.05859375
0 0.840625 0.4482421875 0.046875 0.068359375
0 0.8921875 0.4619140625 0.084375 0.115234375
0 0.9546875 0.4765625 0.084375 0.1171875
1 0.359375 0.482421875 0.028125 0.078125
1 0.44765625 0.4638671875 0.0203125 0.044921875
1 0.53125 0.45703125 0.009375 0.03125
0 0.55703125 0.4619140625 0.0296875 0.033203125
0 0.45625 0.4580078125 0.01875 0.033203125
0 0.9796875 0.5732421875 0.034375 0.162109375
0 0.3765625 0.48046875 0.025 0.05078125
