1 0.7171875 0.4736328125 0.025 0.072265625
1 0.36328125 0.4873046875 0.0203125 0.083984375
1 0.3828125 0.4853515625 0.025 0.083984375
1 0.1125 0.482421875 0.01875 0.0703125
1 0.09765625 0.4853515625 0.0140625 0.068359375
1 0.0171875 0.482421875 0.028125 0.0703125
0 0.6890625 0.451171875 0.0375 0.0390625
0 0.60078125 0.4560546875 0.0515625 0.041015625
0 0.55078125 0.455078125 0.0359375 0.03515625
0 0.5234375 0.4580078125 0.03125 0.041015625
0 0.4921875 0.45703125 0.034375 0.03515625
0 0.45 0.4580078125 0.040625 0.033203125
0 0.4171875 0.4580078125 0.03125 0.033203125
0 0.34296875 0.4501953125 0.0234375 0.021484375
0 0.31484375 0.44921875 0.0328125 0.0234375
0 0.2765625 0.451171875 0.034375 0.0234375
