1 0.62890625 0.4619140625 0.0296875 0.072265625
1 0.58671875 0.46484375 0.0203125 0.06640625
1 0.603125 0.4658203125 0.021875 0.083984375
1 0.6828125 0.50390625 0.071875 0.22265625
1 0.71953125 0.474609375 0.0296875 0.13671875
1 0.7578125 0.4990234375 0.065625 0.224609375
0 0.8515625 0.4453125 0.10625 0.12109375
0 0.9421875 0.4052734375 0.034375 0.052734375
0 0.87109375 0.4873046875 0.0765625 0.095703125
0 0.9640625 0.4658203125 0.06875 0.134765625
0 0.496875 0.4990234375 0.109375 0.107421875
0 0.38828125 0.4619140625 0.0421875 0.025390625
1 0.3484375 0.4609375 0.01875 0.02734375
1 0.2859375 0.466796875 0.015625 0.02734375
1 0.1375 0.486328125 0.021875 0.03125
0 0.4453125 0.4609375 0.0375 0.03125
