1 0.08515625 0.60546875 0.0515625 0.2265625
1 0.253125 0.525390625 0.05625 0.15625
1 0.43515625 0.580078125 0.0734375 0.25
1 0.6109375 0.583984375 0.090625 0.25390625
2 0.2578125 0.5859375 0.05 0.1171875
2 0.43828125 0.6630859375 0.0265625 0.130859375
0 0.03828125 0.5986328125 0.0734375 0.228515625
0 0.125 0.5556640625 0.14375 0.158203125
0 0.21015625 0.513671875 0.0609375 0.07421875
0 0.334375 0.4892578125 0.05625 0.068359375
0 0.3796875 0.474609375 0.04375 0.0625
0 0.725 0.5576171875 0.165625 0.169921875
0 0.82734375 0.6376953125 0.3078125 0.255859375
0 0.90234375 0.8076171875 0.1921875 0.380859375
0 0.12734375 0.458984375 0.0546875 0.046875
0 0.025 0.4677734375 0.05 0.052734375
0 0.2921875 0.474609375 0.053125 0.0546875
0 0.5421875 0.4609375 0.0375 0.046875
0 0.5671875 0.47265625 0.053125 0.07421875
0 0.65625 0.4697265625 0.10625 0.060546875
0 0.771875 0.4541015625 0.1 0.060546875
0 0.7953125 0.462890625 0.090625 0.05078125
