1 0.5578125 0.462890625 0.01875 0.04296875
1 0.396875 0.4736328125 0.025 0.087890625
0 0.29296875 0.5 0.1203125 0.09375
0 0.128125 0.537109375 0.209375 0.15234375
0 0.725 0.5244140625 0.153125 0.158203125
0 0.80546875 0.576171875 0.2203125 0.1953125
0 0.34609375 0.4853515625 0.0671875 0.076171875
0 0.90234375 0.6943359375 0.1859375 0.373046875
0 0.6546875 0.5126953125 0.05 0.083984375
0 0.65 0.50390625 0.075 0.0859375
0 0.6015625 0.486328125 0.04375 0.0625
0 0.41328125 0.4716796875 0.0265625 0.060546875
0 0.4421875 0.46484375 0.03125 0.0390625
0 0.459375 0.462890625 0.01875 0.03125
0 0.48515625 0.4580078125 0.0234375 0.025390625
