1 0.6078125 0.4541015625 0.021875 0.025390625
1 0.590625 0.4580078125 0.021875 0.044921875
2 0.609375 0.4755859375 0.015625 0.021484375
0 0.54375 0.482421875 0.078125 0.07421875
0 0.48046875 0.4677734375 0.0296875 0.037109375
0 0.46328125 0.4599609375 0.0203125 0.033203125
0 0.453125 0.458984375 0.015625 0.01953125
0 0.4140625 0.45703125 0.01875 0.0234375
0 0.378125 0.4638671875 0.040625 0.052734375
0 0.36953125 0.4736328125 0.0359375 0.037109375
0 0.3671875 0.4765625 0.028125 0.03515625
0 0.34375 0.478515625 0.028125 0.06640625
0 0.2921875 0.4833984375 0.1 0.107421875
0 0.20546875 0.486328125 0.0796875 0.09375
1 0.06328125 0.498046875 0.0359375 0.125
