0 0.8625 0.5537109375 0.271875 0.216796875
0 0.5921875 0.4892578125 0.1 0.107421875
0 0.52890625 0.4892578125 0.0328125 0.041015625
0 0.45078125 0.4990234375 0.0265625 0.025390625
0 0.41953125 0.501953125 0.0203125 0.0234375
0 0.4015625 0.5009765625 0.01875 0.029296875
0 0.37890625 0.494140625 0.0234375 0.03515625
0 0.35390625 0.4912109375 0.0328125 0.044921875
0 0.30859375 0.4892578125 0.0578125 0.060546875
1 0.2109375 0.4892578125 0.025 0.052734375
1 0.1421875 0.4892578125 0.01875 0.052734375
1 0.12890625 0.4873046875 0.0203125 0.056640625
1 0.10703125 0.4931640625 0.0203125 0.037109375
1 0.08125 0.490234375 0.021875 0.0625
1 0.0640625 0.501953125 0.01875 0.04296875
1 0.02890625 0.49609375 0.0203125 0.05078125
1 0.0078125 0.5068359375 0.015625 0.041015625
