0 0.60078125 0.48046875 0.0859375 0.07421875
0 0.55234375 0.4609375 0.0546875 0.0703125
0 0.5265625 0.4326171875 0.028125 0.033203125
0 0.4921875 0.4091796875 0.040625 0.037109375
0 0.48125 0.3798828125 0.03125 0.025390625
0 0.4578125 0.3798828125 0.01875 0.025390625
1 0.4984375 0.4921875 0.05625 0.1484375
0 0.37890625 0.3828125 0.0265625 0.03125
0 0.359375 0.3984375 0.01875 0.03125
0 0.35 0.41015625 0.01875 0.03515625
0 0.33515625 0.4189453125 0.0234375 0.041015625
0 0.32265625 0.4306640625 0.0265625 0.041015625
0 0.29765625 0.44140625 0.0546875 0.046875
0 0.21640625 0.47265625 0.0890625 0.08203125
0 0.08671875 0.4404296875 0.0765625 0.064453125
0 0.03046875 0.443359375 0.0296875 0.0625
