1 0.39765625 0.4775390625 0.0296875 0.064453125
0 0.7703125 0.5009765625 0.1125 0.068359375
0 0.9140625 0.513671875 0.128125 0.078125
0 0.953125 0.51953125 0.0875 0.078125
0 0.29609375 0.4638671875 0.0296875 0.029296875
0 0.3484375 0.4619140625 0.03125 0.033203125
0 0.09140625 0.470703125 0.0296875 0.05078125
0 0.12734375 0.47265625 0.0234375 0.05078125
0 0.02265625 0.46875 0.0328125 0.0625
0 0.059375 0.4697265625 0.028125 0.060546875
0 0.67734375 0.474609375 0.0265625 0.0703125
0 0.6296875 0.4755859375 0.04375 0.056640625
0 0.74296875 0.455078125 0.0578125 0.03125
0 0.18046875 0.4619140625 0.0234375 0.029296875
0 0.2 0.4638671875 0.021875 0.037109375
