0 0.1046875 0.6728515625 0.209375 0.291015625
0 0.25234375 0.552734375 0.2109375 0.2109375
0 0.371875 0.51171875 0.05625 0.1015625
0 0.4078125 0.5009765625 0.053125 0.087890625
0 0.484375 0.4521484375 0.034375 0.033203125
0 0.93671875 0.662109375 0.1203125 0.23828125
0 0.8671875 0.591796875 0.16875 0.15234375
0 0.76640625 0.5400390625 0.1078125 0.095703125
0 0.715625 0.5126953125 0.090625 0.072265625
1 0.54296875 0.4990234375 0.0421875 0.123046875
1 0.61484375 0.5009765625 0.0421875 0.126953125
0 0.90625 0.4921875 0.078125 0.0625
0 0.68046875 0.490234375 0.0671875 0.0625
0 0.4296875 0.4921875 0.028125 0.0625
0 0.44375 0.486328125 0.028125 0.0546875
1 0.45 0.4501953125 0.01875 0.037109375
1 0.434375 0.439453125 0.01875 0.02734375
1 0.4234375 0.439453125 0.01875 0.0234375
2 0.54140625 0.533203125 0.0140625 0.0625
