0 0.9625 0.7373046875 0.071875 0.337890625
0 0.8390625 0.55078125 0.315625 0.34375
0 0.684375 0.49609375 0.1375 0.1640625
0 0.6140625 0.498046875 0.05 0.078125
0 0.53515625 0.4765625 0.0609375 0.07421875
0 0.49765625 0.490234375 0.0765625 0.0703125
0 0.42265625 0.484375 0.0328125 0.0234375
0 0.29921875 0.5029296875 0.0515625 0.056640625
0 0.25234375 0.50390625 0.0359375 0.078125
0 0.16953125 0.505859375 0.1328125 0.14453125
0 0.0671875 0.529296875 0.134375 0.21484375
0 0.3875 0.482421875 0.040625 0.02734375
1 0.5796875 0.46875 0.0125 0.0234375
