0 0.4984375 0.5146484375 0.1375 0.130859375
0 0.8 0.4658203125 0.04375 0.064453125
0 0.959375 0.416015625 0.078125 0.078125
0 0.9625 0.4921875 0.071875 0.12109375
1 0.628125 0.466796875 0.028125 0.0859375
1 0.84375 0.49609375 0.046875 0.203125
1 0.9140625 0.482421875 0.06875 0.19921875
0 0.31953125 0.478515625 0.0515625 0.03515625
0 0.278125 0.478515625 0.025 0.03515625
0 0.7265625 0.4609375 0.034375 0.0703125
0 0.6421875 0.44921875 0.028125 0.03515625
1 0.6015625 0.4609375 0.01875 0.0546875
1 0.584375 0.4599609375 0.021875 0.056640625
1 0.12734375 0.486328125 0.0234375 0.03515625
0 0.4515625 0.462890625 0.03125 0.03125
