0 0.76015625 0.55859375 0.1953125 0.1796875
0 0.6109375 0.4921875 0.0625 0.0703125
0 0.440625 0.4609375 0.034375 0.03515625
0 0.4203125 0.462890625 0.03125 0.046875
0 0.38515625 0.466796875 0.0578125 0.05859375
0 0.3375 0.4814453125 0.040625 0.064453125
0 0.29921875 0.4912109375 0.0609375 0.083984375
0 0.21875 0.5048828125 0.140625 0.115234375
0 0.05078125 0.52734375 0.0984375 0.23046875
0 0.57265625 0.4794921875 0.0296875 0.044921875
0 0.559375 0.47265625 0.01875 0.03125
1 0.52109375 0.4580078125 0.0140625 0.029296875
1 0.50546875 0.4599609375 0.0203125 0.037109375
