1 0.9703125 0.673828125 0.05625 0.4765625
0 0.8546875 0.5068359375 0.16875 0.212890625
1 0.73203125 0.5869140625 0.0796875 0.365234375
1 0.68984375 0.58203125 0.0640625 0.30078125
0 0.61171875 0.5146484375 0.0984375 0.158203125
1 0.521875 0.5888671875 0.078125 0.544921875
1 0.45703125 0.603515625 0.0515625 0.39453125
0 0.39609375 0.458984375 0.0359375 0.03125
1 0.32265625 0.4453125 0.0203125 0.0234375
0 0.2546875 0.494140625 0.25625 0.1015625
1 0.25234375 0.435546875 0.0140625 0.01953125
1 0.22265625 0.443359375 0.0171875 0.01953125
