0 0.0921875 0.6064453125 0.184375 0.197265625
0 0.18984375 0.5380859375 0.1453125 0.166015625
0 0.278125 0.5205078125 0.071875 0.103515625
0 0.32265625 0.5068359375 0.0609375 0.076171875
0 0.359375 0.4765625 0.05625 0.05859375
0 0.615625 0.4892578125 0.075 0.083984375
0 0.63359375 0.5224609375 0.0515625 0.083984375
0 0.69453125 0.54296875 0.1515625 0.140625
0 0.7765625 0.607421875 0.2125 0.18359375
0 0.89375 0.7548828125 0.20625 0.384765625
0 0.4234375 0.4560546875 0.03125 0.041015625
1 0.52890625 0.4541015625 0.0203125 0.044921875
1 0.51328125 0.453125 0.0203125 0.05078125
0 0.40546875 0.4677734375 0.0234375 0.044921875
0 0.54921875 0.458984375 0.0296875 0.046875
0 0.571875 0.47265625 0.0375 0.05859375
