1 0.978125 0.5234375 0.040625 0.140625
1 0.92578125 0.521484375 0.0296875 0.09765625
1 0.89140625 0.51171875 0.0296875 0.11328125
1 0.86171875 0.5166015625 0.0296875 0.115234375
1 0.765625 0.521484375 0.028125 0.109375
1 0.73125 0.5302734375 0.0125 0.083984375
1 0.70859375 0.5322265625 0.0234375 0.083984375
1 0.6984375 0.525390625 0.015625 0.08984375
1 0.68125 0.5322265625 0.028125 0.087890625
1 0.66015625 0.5341796875 0.0265625 0.087890625
1 0.6421875 0.53515625 0.021875 0.0625
1 0.6296875 0.5380859375 0.021875 0.064453125
1 0.61015625 0.537109375 0.0203125 0.0625
1 0.58828125 0.5390625 0.0203125 0.05859375
1 0.575 0.5361328125 0.01875 0.052734375
1 0.56328125 0.5380859375 0.0203125 0.044921875
0 0.4109375 0.494140625 0.015625 0.01953125
0 0.40390625 0.509765625 0.0171875 0.01953125
0 0.42890625 0.5107421875 0.0203125 0.021484375
0 0.4109375 0.552734375 0.034375 0.06640625
0 0.38046875 0.5361328125 0.0328125 0.041015625
0 0.3359375 0.537109375 0.04375 0.04296875
0 0.4671875 0.5498046875 0.071875 0.087890625
1 0.30625 0.5380859375 0.0125 0.041015625
1 0.26640625 0.5302734375 0.0140625 0.044921875
1 0.25703125 0.53125 0.0140625 0.04296875
1 0.228125 0.5380859375 0.015625 0.041015625
0 0.196875 0.5576171875 0.028125 0.037109375
0 0.16875 0.5498046875 0.021875 0.052734375
