1 0.8921875 0.4853515625 0.034375 0.099609375
1 0.8453125 0.4736328125 0.021875 0.083984375
1 0.80703125 0.47265625 0.0203125 0.09765625
1 0.78515625 0.4755859375 0.0203125 0.091796875
1 0.753125 0.4814453125 0.021875 0.083984375
1 0.72890625 0.466796875 0.0203125 0.05078125
1 0.71484375 0.4599609375 0.0203125 0.064453125
1 0.69375 0.4599609375 0.01875 0.056640625
1 0.646875 0.455078125 0.0125 0.03515625
1 0.63359375 0.4658203125 0.0140625 0.052734375
1 0.61328125 0.447265625 0.0140625 0.0390625
1 0.58671875 0.443359375 0.0140625 0.04296875
1 0.57265625 0.447265625 0.0109375 0.03515625
0 0.4515625 0.47265625 0.0625 0.0625
