0 0.96953125 0.6826171875 0.0578125 0.228515625
0 0.87578125 0.560546875 0.2328125 0.26953125
1 0.7421875 0.55859375 0.0875 0.296875
1 0.15078125 0.5458984375 0.0671875 0.248046875
1 0.11484375 0.5224609375 0.0484375 0.248046875
1 0.06796875 0.55078125 0.0578125 0.2421875
0 0.23359375 0.5283203125 0.1328125 0.150390625
0 0.309375 0.5107421875 0.0875 0.107421875
0 0.40234375 0.458984375 0.0609375 0.0390625
0 0.67734375 0.4853515625 0.0671875 0.076171875
0 0.6203125 0.466796875 0.03125 0.04296875
0 0.58046875 0.4599609375 0.0296875 0.025390625
0 0.33359375 0.4560546875 0.0515625 0.044921875
0 0.34609375 0.44921875 0.0484375 0.04296875
0 0.4640625 0.455078125 0.03125 0.02734375
1 0.4828125 0.4580078125 0.01875 0.037109375
0 0.53359375 0.455078125 0.0203125 0.0234375
0 0.68828125 0.5048828125 0.0484375 0.076171875
0 0.63828125 0.4765625 0.0328125 0.046875
