0 0.8265625 0.609375 0.3125 0.19921875
0 0.89375 0.4912109375 0.08125 0.056640625
0 0.80234375 0.494140625 0.0703125 0.0546875
0 0.715625 0.4921875 0.084375 0.0625
1 0.6640625 0.4912109375 0.021875 0.076171875
1 0.63828125 0.490234375 0.0234375 0.0703125
0 0.9546875 0.70703125 0.08125 0.203125
0 0.22265625 0.4736328125 0.0796875 0.064453125
0 0.16171875 0.47265625 0.0578125 0.05078125
0 0.1140625 0.466796875 0.059375 0.046875
0 0.6140625 0.498046875 0.0375 0.04296875
0 0.059375 0.462890625 0.06875 0.05859375
0 0.0203125 0.4658203125 0.040625 0.060546875
0 0.45078125 0.439453125 0.0421875 0.02734375
0 0.359375 0.435546875 0.05 0.03515625
