1 0.81640625 0.4638671875 0.0296875 0.099609375
1 0.7921875 0.474609375 0.01875 0.07421875
1 0.76875 0.474609375 0.021875 0.04296875
0 0.52734375 0.4912109375 0.1421875 0.162109375
0 0.45 0.5400390625 0.2 0.212890625
0 0.9671875 0.72265625 0.0625 0.25390625
0 0.3515625 0.486328125 0.034375 0.03515625
0 0.29140625 0.486328125 0.0234375 0.03515625
0 0.26953125 0.484375 0.0234375 0.03125
0 0.2484375 0.4931640625 0.05 0.041015625
0 0.11484375 0.4931640625 0.1484375 0.083984375
0 0.02890625 0.5400390625 0.0578125 0.134765625
1 0.3203125 0.4990234375 0.059375 0.197265625
