1 0.53515625 0.4736328125 0.0203125 0.052734375
1 0.51328125 0.466796875 0.0234375 0.05078125
0 0.9234375 0.67578125 0.15 0.35546875
0 0.734375 0.5283203125 0.1375 0.146484375
0 0.671875 0.505859375 0.0625 0.08203125
0 0.63671875 0.4892578125 0.0453125 0.068359375
0 0.5671875 0.4775390625 0.0375 0.044921875
0 0.42265625 0.462890625 0.0328125 0.03125
0 0.40625 0.4833984375 0.028125 0.052734375
0 0.37109375 0.486328125 0.0578125 0.07421875
0 0.35625 0.5 0.04375 0.08984375
0 0.28125 0.4970703125 0.134375 0.134765625
0 0.07578125 0.546875 0.1453125 0.2421875
