0 0.3234375 0.509765625 0.178125 0.13671875
0 0.028125 0.6904296875 0.05625 0.197265625
0 0.80546875 0.46484375 0.0484375 0.0703125
1 0.9 0.4970703125 0.0375 0.181640625
1 0.94453125 0.5 0.0828125 0.29296875
1 0.8453125 0.5302734375 0.075 0.251953125
1 0.70546875 0.462890625 0.0328125 0.109375
1 0.628125 0.4619140625 0.03125 0.107421875
1 0.55234375 0.4560546875 0.0234375 0.044921875
1 0.1421875 0.4775390625 0.015625 0.041015625
1 0.1265625 0.474609375 0.01875 0.0625
1 0.11328125 0.48828125 0.0203125 0.0625
0 0.4578125 0.4677734375 0.04375 0.044921875
1 0.65625 0.4296875 0.025 0.04296875
1 0.66875 0.46484375 0.028125 0.1015625
