1 0.946875 0.51953125 0.034375 0.140625
1 0.9015625 0.5263671875 0.034375 0.138671875
1 0.8609375 0.521484375 0.01875 0.14453125
1 0.840625 0.51171875 0.025 0.125
1 0.81875 0.5205078125 0.025 0.115234375
1 0.7953125 0.5146484375 0.0125 0.083984375
1 0.74375 0.521484375 0.01875 0.08984375
1 0.7203125 0.515625 0.021875 0.09375
1 0.63046875 0.490234375 0.0171875 0.05859375
1 0.675 0.5126953125 0.01875 0.076171875
1 0.76796875 0.51953125 0.0203125 0.109375
1 0.6984375 0.5166015625 0.021875 0.083984375
1 0.6578125 0.494140625 0.015625 0.05859375
0 0.41015625 0.451171875 0.0203125 0.0234375
0 0.38046875 0.453125 0.0265625 0.02734375
0 0.45390625 0.4677734375 0.0671875 0.029296875
0 0.39375 0.4765625 0.025 0.02734375
0 0.353125 0.470703125 0.021875 0.02734375
0 0.371875 0.4921875 0.05 0.04296875
0 0.3125 0.49609375 0.0375 0.05078125
0 0.40546875 0.54296875 0.0734375 0.10546875
0 0.49765625 0.5517578125 0.1546875 0.146484375
1 0.33515625 0.490234375 0.0109375 0.046875
1 0.28515625 0.4912109375 0.0171875 0.044921875
1 0.22890625 0.4892578125 0.0109375 0.052734375
1 0.21953125 0.4970703125 0.0140625 0.056640625
1 0.190625 0.49609375 0.015625 0.0546875
1 0.171875 0.49609375 0.015625 0.05078125
1 0.16015625 0.4970703125 0.0140625 0.048828125
1 0.1359375 0.5283203125 0.021875 0.083984375
0 0.075 0.517578125 0.103125 0.08203125
