1 0.8453125 0.494140625 0.059375 0.2578125
1 0.90625 0.494140625 0.053125 0.2578125
0 0.8 0.462890625 0.040625 0.07421875
0 0.96328125 0.486328125 0.0703125 0.12109375
1 0.64375 0.4638671875 0.028125 0.060546875
1 0.6234375 0.4609375 0.021875 0.0703125
1 0.55 0.4580078125 0.01875 0.041015625
1 0.56953125 0.4609375 0.0203125 0.05078125
0 0.7296875 0.4560546875 0.034375 0.060546875
0 0.9546875 0.4033203125 0.071875 0.060546875
1 0.16875 0.486328125 0.01875 0.0546875
1 0.128125 0.486328125 0.021875 0.03125
1 0.3765625 0.4609375 0.0125 0.02734375
