2 0.98125 0.5634765625 0.03125 0.201171875
0 0.9171875 0.4912109375 0.090625 0.197265625
1 0.73203125 0.4287109375 0.0234375 0.025390625
1 0.7125 0.43359375 0.025 0.03125
0 0.7734375 0.5087890625 0.1875 0.146484375
1 0.65234375 0.4990234375 0.0484375 0.205078125
1 0.61171875 0.50390625 0.0453125 0.2109375
0 0.5484375 0.4892578125 0.078125 0.158203125
0 0.4359375 0.486328125 0.178125 0.1484375
1 0.34140625 0.482421875 0.0359375 0.1640625
1 0.30390625 0.4951171875 0.0421875 0.189453125
0 0.2546875 0.5 0.059375 0.1171875
0 0.1515625 0.486328125 0.221875 0.1484375
0 0.02265625 0.490234375 0.0453125 0.12890625
