0 0.10703125 0.4716796875 0.0609375 0.115234375
0 0.140625 0.4599609375 0.0625 0.095703125
0 0.1796875 0.4521484375 0.115625 0.115234375
0 0.25390625 0.4345703125 0.0578125 0.095703125
0 0.34609375 0.55078125 0.2421875 0.24609375
0 0.771875 0.423828125 0.1625 0.03515625
0 0.7921875 0.5009765625 0.1875 0.166015625
0 0.8609375 0.5009765625 0.275 0.302734375
1 0.68203125 0.5390625 0.0828125 0.27734375
1 0.63359375 0.5009765625 0.0578125 0.248046875
1 0.58359375 0.453125 0.0359375 0.1875
1 0.5953125 0.4677734375 0.028125 0.169921875
1 0.021875 0.5302734375 0.04375 0.251953125
1 0.0734375 0.5302734375 0.071875 0.263671875
1 0.49609375 0.451171875 0.0265625 0.08984375
1 0.47890625 0.4638671875 0.0234375 0.064453125
1 0.465625 0.4521484375 0.028125 0.083984375
1 0.4421875 0.443359375 0.025 0.07421875
0 0.35859375 0.4208984375 0.0734375 0.025390625
