0 0.90859375 0.638671875 0.1796875 0.19921875
0 0.646875 0.4853515625 0.06875 0.060546875
0 0.54375 0.453125 0.034375 0.03515625
0 0.43828125 0.4677734375 0.0453125 0.056640625
0 0.46953125 0.4638671875 0.0234375 0.037109375
0 0.38125 0.498046875 0.084375 0.08203125
0 0.0453125 0.5029296875 0.084375 0.099609375
0 0.17421875 0.5908203125 0.2328125 0.259765625
0 0.0546875 0.66015625 0.109375 0.21484375
0 0.115625 0.44921875 0.0875 0.0625
0 0.028125 0.4296875 0.053125 0.03515625
0 0.6046875 0.4619140625 0.034375 0.044921875
0 0.2265625 0.46875 0.096875 0.05859375
