0 0.48046875 0.46484375 0.0609375 0.0546875
0 0.3328125 0.4638671875 0.084375 0.072265625
0 0.38359375 0.4677734375 0.0265625 0.044921875
1 0.934375 0.4765625 0.05 0.1171875
1 0.4234375 0.44921875 0.01875 0.0390625
1 0.625 0.45703125 0.015625 0.0390625
1 0.64296875 0.45703125 0.0109375 0.0546875
1 0.653125 0.4560546875 0.0125 0.056640625
1 0.66484375 0.4580078125 0.0140625 0.052734375
1 0.7 0.462890625 0.01875 0.03515625
0 0.51328125 0.44921875 0.0171875 0.01953125
0 0.53515625 0.4541015625 0.0234375 0.025390625
0 0.55390625 0.4501953125 0.0171875 0.021484375
2 0.921875 0.5244140625 0.1 0.060546875
