1 0.24453125 0.513671875 0.1359375 0.3046875
3 0.29765625 0.646484375 0.0703125 0.0625
1 0.32578125 0.552734375 0.0515625 0.19140625
1 0.3109375 0.3974609375 0.071875 0.107421875
0 0.05859375 0.4658203125 0.1171875 0.224609375
1 0.15 0.451171875 0.0375 0.109375
1 0.5234375 0.40625 0.05 0.1171875
1 0.4921875 0.4267578125 0.05625 0.130859375
1 0.4671875 0.380859375 0.05 0.09375
1 0.54921875 0.400390625 0.0328125 0.1171875
1 0.38203125 0.474609375 0.0578125 0.12890625
1 0.43125 0.447265625 0.034375 0.06640625
1 0.4703125 0.546875 0.140625 0.26171875
