0 0.93203125 0.5947265625 0.1328125 0.298828125
1 0.6828125 0.4619140625 0.021875 0.072265625
1 0.65625 0.46484375 0.0125 0.0390625
1 0.64921875 0.462890625 0.0171875 0.05078125
1 0.609375 0.4580078125 0.021875 0.064453125
0 0.5671875 0.466796875 0.053125 0.0703125
0 0.5359375 0.4609375 0.021875 0.05078125
0 0.52421875 0.455078125 0.0234375 0.04296875
0 0.51171875 0.451171875 0.0203125 0.0390625
0 0.4546875 0.44140625 0.01875 0.0234375
0 0.41953125 0.439453125 0.0234375 0.0234375
0 0.43046875 0.4619140625 0.0390625 0.048828125
0 0.36953125 0.466796875 0.0484375 0.05078125
0 0.3328125 0.4697265625 0.046875 0.056640625
0 0.2765625 0.474609375 0.084375 0.09375
1 0.08125 0.4697265625 0.01875 0.083984375
