0 0.853125 0.59375 0.290625 0.2890625
0 0.68671875 0.50390625 0.1046875 0.1015625
1 0.34296875 0.4716796875 0.0203125 0.076171875
1 0.40078125 0.46484375 0.0171875 0.0546875
0 0.621875 0.4677734375 0.03125 0.044921875
0 0.6515625 0.4765625 0.0625 0.0703125
0 0.64375 0.494140625 0.034375 0.07421875
2 0.30859375 0.4970703125 0.0328125 0.060546875
1 0.42734375 0.462890625 0.0140625 0.04296875
1 0.46796875 0.4599609375 0.0109375 0.037109375
1 0.4390625 0.4619140625 0.0125 0.044921875
1 0.47890625 0.4580078125 0.0109375 0.037109375
2 0.01640625 0.5576171875 0.0328125 0.083984375
2 0.159375 0.5087890625 0.028125 0.056640625
2 0.11796875 0.5341796875 0.0265625 0.056640625
2 0.24296875 0.517578125 0.0359375 0.046875
