1 0.84765625 0.6845703125 0.1046875 0.294921875
1 0.6421875 0.560546875 0.059375 0.203125
2 0.64375 0.62890625 0.025 0.109375
0 0.97734375 0.5380859375 0.0421875 0.130859375
0 0.7390625 0.53125 0.121875 0.10546875
0 0.8125 0.4873046875 0.065625 0.064453125
0 0.6046875 0.49609375 0.05625 0.0703125
0 0.09296875 0.6328125 0.1859375 0.26953125
0 0.2203125 0.5615234375 0.153125 0.185546875
0 0.31796875 0.5478515625 0.0734375 0.115234375
0 0.34765625 0.5 0.0953125 0.1328125
0 0.4015625 0.4921875 0.071875 0.08984375
0 0.45859375 0.4765625 0.0515625 0.06640625
1 0.52265625 0.45703125 0.0171875 0.05859375
1 0.50859375 0.4580078125 0.0171875 0.052734375
1 0.49609375 0.45703125 0.0171875 0.05078125
0 0.734375 0.46484375 0.0375 0.04296875
0 0.853125 0.49609375 0.05 0.06640625
0 0.4359375 0.490234375 0.034375 0.06640625
0 0.6765625 0.486328125 0.05 0.0625
