1 0.17109375 0.521484375 0.0328125 0.109375
0 0.10078125 0.490234375 0.1015625 0.06640625
0 0.50546875 0.439453125 0.0296875 0.03125
0 0.6046875 0.4736328125 0.05625 0.056640625
0 0.62265625 0.4921875 0.0796875 0.06640625
0 0.77890625 0.5732421875 0.2328125 0.201171875
0 0.88046875 0.7890625 0.2359375 0.41796875
0 0.190625 0.470703125 0.075 0.0703125
0 0.2640625 0.4560546875 0.046875 0.044921875
0 0.3109375 0.4638671875 0.090625 0.044921875
0 0.44375 0.451171875 0.025 0.02734375
0 0.46015625 0.4453125 0.0203125 0.0234375
0 0.571875 0.46875 0.034375 0.05078125
