1 0.975 0.513671875 0.03125 0.1484375
1 0.946875 0.4609375 0.01875 0.03125
1 0.93125 0.5185546875 0.03125 0.123046875
1 0.8921875 0.515625 0.028125 0.1171875
1 0.86953125 0.5146484375 0.0203125 0.095703125
1 0.8515625 0.5126953125 0.025 0.115234375
1 0.82890625 0.5068359375 0.0234375 0.115234375
1 0.79765625 0.5078125 0.0265625 0.109375
1 0.77578125 0.4697265625 0.0203125 0.025390625
1 0.7640625 0.517578125 0.021875 0.078125
1 0.7546875 0.4677734375 0.021875 0.025390625
1 0.728125 0.484375 0.01875 0.0703125
1 0.70234375 0.4990234375 0.0234375 0.064453125
1 0.6875 0.4658203125 0.01875 0.037109375
1 0.659375 0.4697265625 0.015625 0.044921875
1 0.64140625 0.46484375 0.0140625 0.046875
1 0.6265625 0.4697265625 0.01875 0.041015625
1 0.609375 0.4619140625 0.015625 0.029296875
0 0.45703125 0.4853515625 0.0609375 0.064453125
0 0.47421875 0.4384765625 0.0203125 0.025390625
0 0.28359375 0.4599609375 0.0421875 0.037109375
