0 0.94140625 0.521484375 0.1109375 0.16796875
0 0.8796875 0.4853515625 0.23125 0.189453125
0 0.80390625 0.4765625 0.1328125 0.1484375
0 0.7265625 0.484375 0.021875 0.0703125
0 0.5953125 0.5029296875 0.259375 0.341796875
1 0.45234375 0.4970703125 0.0296875 0.201171875
0 0.39375 0.462890625 0.109375 0.140625
3 0.384375 0.556640625 0.1 0.08984375
0 0.27890625 0.4619140625 0.1703125 0.150390625
0 0.203125 0.4765625 0.278125 0.23046875
0 0.06015625 0.3916015625 0.1203125 0.091796875
0 0.05625 0.55078125 0.1125 0.24609375
0 0.37421875 0.478515625 0.0359375 0.09765625
