1 0.1328125 0.5537109375 0.128125 0.302734375
1 0.87890625 0.4921875 0.0546875 0.2265625
1 0.8203125 0.494140625 0.071875 0.23828125
0 0.9484375 0.4296875 0.1 0.10546875
0 0.95078125 0.494140625 0.0921875 0.1171875
1 0.55 0.4580078125 0.01875 0.044921875
1 0.6421875 0.462890625 0.03125 0.06640625
1 0.6203125 0.4619140625 0.021875 0.068359375
1 0.60859375 0.4580078125 0.0203125 0.056640625
1 0.36640625 0.462890625 0.0140625 0.02734375
1 0.3765625 0.4619140625 0.0125 0.029296875
0 0.72734375 0.4599609375 0.0359375 0.060546875
