1 0.6390625 0.4833984375 0.01875 0.107421875
1 0.62421875 0.49609375 0.0234375 0.125
1 0.675 0.51171875 0.05625 0.19140625
0 0.1140625 0.4599609375 0.13125 0.091796875
0 0.13046875 0.5302734375 0.2359375 0.166015625
0 0.36015625 0.4892578125 0.0859375 0.068359375
0 0.41171875 0.4736328125 0.0328125 0.060546875
0 0.48828125 0.45703125 0.0328125 0.0390625
0 0.8171875 0.4912109375 0.08125 0.091796875
0 0.9046875 0.482421875 0.053125 0.078125
0 0.7546875 0.5361328125 0.125 0.115234375
0 0.903125 0.646484375 0.190625 0.27734375
1 0.37421875 0.443359375 0.0234375 0.0234375
0 0.371875 0.4404296875 0.046875 0.025390625
0 0.425 0.4765625 0.03125 0.046875
0 0.434375 0.4677734375 0.040625 0.052734375
0 0.4546875 0.4638671875 0.03125 0.044921875
0 0.50546875 0.4541015625 0.0203125 0.025390625
0 0.74140625 0.4580078125 0.0796875 0.041015625
0 0.596875 0.4521484375 0.025 0.029296875
