1 0.69140625 0.5107421875 0.0453125 0.146484375
1 0.89921875 0.56640625 0.1078125 0.28515625
1 0.221875 0.4443359375 0.034375 0.052734375
0 0.1421875 0.5341796875 0.228125 0.169921875
0 0.28046875 0.51171875 0.1109375 0.1171875
0 0.33515625 0.5 0.0453125 0.07421875
0 0.3734375 0.4814453125 0.065625 0.083984375
0 0.28671875 0.4365234375 0.0953125 0.041015625
0 0.45625 0.458984375 0.046875 0.046875
0 0.4046875 0.4765625 0.034375 0.0703125
0 0.4234375 0.4716796875 0.03125 0.064453125
0 0.48203125 0.4599609375 0.0234375 0.029296875
0 0.48984375 0.451171875 0.0265625 0.03515625
1 0.64375 0.4697265625 0.01875 0.041015625
1 0.62421875 0.4580078125 0.0171875 0.041015625
0 0.73046875 0.474609375 0.0578125 0.0546875
0 0.759375 0.482421875 0.059375 0.05859375
0 0.7953125 0.4931640625 0.09375 0.072265625
0 0.82265625 0.501953125 0.0671875 0.0703125
0 0.59609375 0.455078125 0.0296875 0.03515625
