1 0.83125 0.439453125 0.028125 0.046875
0 0.87734375 0.5791015625 0.2421875 0.306640625
1 0.646875 0.4736328125 0.015625 0.041015625
1 0.6328125 0.4912109375 0.01875 0.060546875
0 0.72421875 0.521484375 0.1734375 0.15625
0 0.625 0.49609375 0.096875 0.10546875
0 0.59296875 0.4765625 0.0796875 0.08203125
0 0.55625 0.4794921875 0.025 0.064453125
0 0.490625 0.466796875 0.040625 0.046875
0 0.425 0.4716796875 0.046875 0.056640625
0 0.38984375 0.4755859375 0.0234375 0.037109375
0 0.36328125 0.4765625 0.0234375 0.03125
0 0.3328125 0.4697265625 0.034375 0.064453125
0 0.2859375 0.484375 0.0875 0.08984375
0 0.11171875 0.5234375 0.1390625 0.12890625
0 0.04140625 0.541015625 0.0828125 0.15234375
0 0.51875 0.4638671875 0.04375 0.056640625
