0 0.5625 0.5615234375 0.265625 0.240234375
2 0.871875 0.5302734375 0.040625 0.056640625
2 0.2421875 0.53125 0.028125 0.05859375
2 0.02421875 0.5771484375 0.0390625 0.103515625
1 0.9171875 0.4970703125 0.04375 0.142578125
1 0.171875 0.47265625 0.015625 0.05859375
1 0.16015625 0.4775390625 0.0171875 0.072265625
1 0.8921875 0.4609375 0.028125 0.0859375
2 0.94765625 0.5302734375 0.0171875 0.052734375
0 0.4140625 0.4658203125 0.01875 0.025390625
0 0.4046875 0.4677734375 0.01875 0.025390625
0 0.3875 0.4716796875 0.021875 0.033203125
1 0.2390625 0.4736328125 0.03125 0.060546875
1 0.13515625 0.4775390625 0.0296875 0.083984375
1 0.103125 0.4736328125 0.021875 0.076171875
1 0.0875 0.4736328125 0.01875 0.076171875
1 0.06875 0.4765625 0.021875 0.08203125
1 0.02421875 0.466796875 0.0453125 0.12109375
