2 0.93203125 0.5537109375 0.1328125 0.259765625
2 0.06015625 0.5322265625 0.0296875 0.044921875
1 0.4234375 0.482421875 0.028125 0.0859375
1 0.3203125 0.482421875 0.021875 0.0859375
1 0.22109375 0.466796875 0.0234375 0.0546875
0 0.378125 0.4716796875 0.046875 0.048828125
1 0.06328125 0.4814453125 0.0171875 0.052734375
1 0.33671875 0.4619140625 0.0109375 0.041015625
1 0.55625 0.4609375 0.009375 0.0390625
1 0.7171875 0.4501953125 0.009375 0.025390625
1 0.70078125 0.4482421875 0.0171875 0.029296875
1 0.72734375 0.4423828125 0.0078125 0.021484375
2 0.0375 0.5234375 0.021875 0.0625
2 0.01484375 0.521484375 0.0296875 0.0703125
