1 0.04296875 0.47265625 0.0234375 0.0625
0 0.9640625 0.845703125 0.065625 0.30078125
0 0.86015625 0.6806640625 0.2703125 0.306640625
0 0.7046875 0.5439453125 0.14375 0.119140625
0 0.2796875 0.5078125 0.115625 0.1171875
0 0.0921875 0.6142578125 0.184375 0.240234375
0 0.625 0.5029296875 0.06875 0.068359375
0 0.6015625 0.486328125 0.053125 0.05078125
0 0.5828125 0.4677734375 0.05 0.044921875
0 0.34609375 0.5029296875 0.0421875 0.064453125
0 0.36640625 0.4912109375 0.0359375 0.052734375
0 0.384375 0.4873046875 0.0375 0.052734375
0 0.396875 0.470703125 0.04375 0.0625
1 0.4265625 0.47265625 0.01875 0.0546875
