0 0.58515625 0.462890625 0.0515625 0.0546875
0 0.41015625 0.4599609375 0.0546875 0.044921875
0 0.32109375 0.505859375 0.0578125 0.10546875
0 0.23515625 0.513671875 0.1234375 0.1484375
0 0.10546875 0.5693359375 0.1609375 0.197265625
0 0.02734375 0.6064453125 0.0546875 0.255859375
0 0.7421875 0.5908203125 0.196875 0.162109375
0 0.88515625 0.6826171875 0.2234375 0.353515625
0 0.4578125 0.4462890625 0.034375 0.041015625
0 0.34375 0.4951171875 0.040625 0.064453125
0 0.9515625 0.4619140625 0.09375 0.041015625
0 0.79609375 0.4482421875 0.1234375 0.076171875
0 0.7203125 0.447265625 0.046875 0.05859375
0 0.50625 0.4423828125 0.021875 0.029296875
