0 0.5015625 0.564453125 0.3 0.234375
2 0.11484375 0.568359375 0.0421875 0.08984375
1 0.978125 0.484375 0.034375 0.12109375
1 0.94765625 0.482421875 0.0328125 0.12109375
3 0.93359375 0.517578125 0.0171875 0.03515625
1 0.059375 0.462890625 0.021875 0.0703125
2 0.60625 0.474609375 0.021875 0.04296875
0 0.3953125 0.4599609375 0.021875 0.029296875
0 0.3765625 0.46484375 0.021875 0.03515625
1 0.24921875 0.4921875 0.0234375 0.0546875
1 0.0953125 0.447265625 0.015625 0.04296875
1 0.01875 0.462890625 0.025 0.078125
1 0.03984375 0.45703125 0.0171875 0.0546875
1 0.115625 0.498046875 0.046875 0.14453125
