1 0.79140625 0.525390625 0.1421875 0.390625
1 0.64296875 0.5625 0.1359375 0.4609375
1 0.365625 0.4794921875 0.03125 0.103515625
1 0.33125 0.478515625 0.03125 0.09765625
0 0.9125 0.517578125 0.171875 0.2890625
3 0.86640625 0.6689453125 0.0734375 0.091796875
0 0.56796875 0.48046875 0.0671875 0.14453125
0 0.71796875 0.4384765625 0.0421875 0.064453125
0 0.5328125 0.478515625 0.05625 0.1015625
0 0.4984375 0.501953125 0.059375 0.09765625
0 0.4796875 0.48046875 0.1125 0.09765625
0 0.4125 0.4775390625 0.040625 0.072265625
0 0.07578125 0.486328125 0.1078125 0.1015625
0 0.0359375 0.494140625 0.071875 0.10546875
