0 0.96796875 0.44140625 0.0265625 0.0546875
0 0.89765625 0.4404296875 0.0953125 0.060546875
1 0.85859375 0.4130859375 0.0203125 0.041015625
1 0.7890625 0.486328125 0.015625 0.12890625
1 0.63984375 0.46875 0.0328125 0.109375
0 0.69140625 0.4560546875 0.0453125 0.060546875
0 0.69375 0.412109375 0.053125 0.02734375
0 0.55390625 0.44921875 0.0296875 0.04296875
0 0.50703125 0.44921875 0.0234375 0.03515625
0 0.3421875 0.4501953125 0.028125 0.033203125
0 0.32578125 0.44921875 0.0234375 0.03125
0 0.3 0.44921875 0.025 0.03125
0 0.26796875 0.42578125 0.0328125 0.0234375
0 0.27109375 0.4521484375 0.0265625 0.029296875
0 0.25234375 0.4521484375 0.0203125 0.029296875
0 0.21875 0.4609375 0.05625 0.0625
0 0.18515625 0.443359375 0.0203125 0.02734375
0 0.10625 0.4755859375 0.159375 0.154296875
0 0.01875 0.4638671875 0.01875 0.072265625
