1 0.7765625 0.50390625 0.046875 0.1171875
1 0.6015625 0.4990234375 0.021875 0.087890625
2 0.60234375 0.5244140625 0.0234375 0.044921875
1 0.3203125 0.4765625 0.021875 0.05859375
1 0.265625 0.4638671875 0.021875 0.056640625
1 0.14609375 0.48046875 0.0234375 0.0703125
0 0.19765625 0.5537109375 0.1828125 0.154296875
0 0.4359375 0.447265625 0.04375 0.02734375
0 0.46640625 0.4501953125 0.0296875 0.029296875
0 0.70234375 0.4580078125 0.0671875 0.041015625
0 0.5578125 0.4580078125 0.03125 0.033203125
0 0.621875 0.47265625 0.040625 0.0546875
