0 0.0984375 0.4912109375 0.19375 0.099609375
0 0.32265625 0.466796875 0.0515625 0.046875
0 0.4375 0.455078125 0.04375 0.03125
0 0.50234375 0.4453125 0.0265625 0.02734375
0 0.609375 0.48828125 0.0375 0.078125
0 0.6546875 0.50390625 0.09375 0.109375
0 0.81015625 0.587890625 0.2171875 0.22265625
0 0.89375 0.7587890625 0.209375 0.384765625
1 0.3828125 0.484375 0.025 0.0703125
0 0.59140625 0.478515625 0.0359375 0.05859375
0 0.578125 0.474609375 0.03125 0.05078125
0 0.39921875 0.46484375 0.0328125 0.0390625
0 0.340625 0.4560546875 0.053125 0.044921875
