1 0.975 0.5517578125 0.046875 0.193359375
1 0.75234375 0.51171875 0.0421875 0.1953125
1 0.71328125 0.5205078125 0.0765625 0.193359375
1 0.5578125 0.5 0.059375 0.17578125
1 0.5125 0.4892578125 0.05 0.181640625
1 0.46796875 0.482421875 0.0328125 0.1484375
1 0.41953125 0.50390625 0.0546875 0.1640625
1 0.39921875 0.4267578125 0.0328125 0.091796875
1 0.375 0.4775390625 0.04375 0.158203125
1 0.29921875 0.47265625 0.0421875 0.1328125
1 0.2828125 0.4501953125 0.05 0.134765625
1 0.259375 0.416015625 0.01875 0.07421875
1 0.24140625 0.4248046875 0.0234375 0.068359375
0 0.18828125 0.4345703125 0.0796875 0.068359375
0 0.61328125 0.4677734375 0.0703125 0.080078125
1 0.43359375 0.4482421875 0.0234375 0.060546875
0 0.67734375 0.4453125 0.0546875 0.04296875
2 0.2421875 0.435546875 0.01875 0.04296875
0 0.85078125 0.4287109375 0.0828125 0.029296875
0 0.9078125 0.44140625 0.084375 0.02734375
