2 0.76484375 0.759765625 0.0671875 0.18359375
1 0.76015625 0.6298828125 0.0921875 0.263671875
0 0.09765625 0.578125 0.1953125 0.16796875
0 0.09453125 0.490234375 0.0984375 0.0703125
0 0.20078125 0.533203125 0.1046875 0.11328125
0 0.653125 0.5244140625 0.11875 0.107421875
0 0.5984375 0.4833984375 0.078125 0.083984375
0 0.3046875 0.4931640625 0.075 0.064453125
0 0.35546875 0.46484375 0.0484375 0.046875
0 0.38984375 0.4609375 0.0359375 0.0390625
0 0.47734375 0.4404296875 0.0359375 0.033203125
0 0.7234375 0.4658203125 0.053125 0.060546875
0 0.55625 0.45703125 0.04375 0.04296875
0 0.53984375 0.4462890625 0.0296875 0.037109375
0 0.296875 0.4404296875 0.046875 0.029296875
