1 0.71875 0.490234375 0.021875 0.09375
1 0.6703125 0.490234375 0.025 0.09765625
1 0.434375 0.466796875 0.021875 0.05859375
1 0.40703125 0.46484375 0.0203125 0.05078125
0 0.33828125 0.484375 0.0578125 0.05859375
0 0.246875 0.4931640625 0.11875 0.119140625
0 0.1171875 0.517578125 0.15 0.17578125
0 0.04921875 0.5458984375 0.0953125 0.181640625
0 0.77734375 0.5 0.1078125 0.12109375
0 0.8515625 0.525390625 0.121875 0.125
0 0.93984375 0.5283203125 0.1171875 0.138671875
0 0.9640625 0.5595703125 0.0625 0.115234375
1 0.51328125 0.4560546875 0.0140625 0.029296875
1 0.5234375 0.4560546875 0.0125 0.029296875
0 0.49453125 0.4599609375 0.0296875 0.033203125
1 0.453125 0.4541015625 0.0125 0.029296875
0 0.39140625 0.466796875 0.0328125 0.046875
0 0.365625 0.4716796875 0.046875 0.052734375
0 0.303125 0.484375 0.040625 0.07421875
0 0.60234375 0.462890625 0.0265625 0.0390625
0 0.64375 0.4755859375 0.025 0.056640625
1 0.8734375 0.453125 0.015625 0.0234375
1 0.8640625 0.4501953125 0.01875 0.029296875
1 0.834375 0.4580078125 0.021875 0.033203125
0 0.96484375 0.4453125 0.0609375 0.0390625
