1 0.92734375 0.474609375 0.0203125 0.09375
1 0.89296875 0.4716796875 0.0265625 0.091796875
1 0.86640625 0.4716796875 0.0328125 0.091796875
1 0.7046875 0.46875 0.025 0.0859375
1 0.5015625 0.4873046875 0.05625 0.091796875
1 0.38984375 0.4560546875 0.0234375 0.064453125
1 0.05859375 0.4736328125 0.0328125 0.087890625
0 0.25390625 0.49609375 0.1828125 0.0859375
2 0.5046875 0.517578125 0.1 0.06640625
1 0.115625 0.4521484375 0.021875 0.033203125
1 0.09296875 0.4501953125 0.0234375 0.033203125
1 0.3203125 0.45703125 0.015625 0.0390625
1 0.61796875 0.4638671875 0.0203125 0.060546875
0 0.41640625 0.4541015625 0.0265625 0.033203125
0 0.48984375 0.4619140625 0.0265625 0.029296875
0 0.48125 0.4599609375 0.028125 0.041015625
0 0.4671875 0.4560546875 0.025 0.025390625
