1 0.815625 0.6220703125 0.090625 0.259765625
1 0.7265625 0.4970703125 0.028125 0.080078125
1 0.3109375 0.55859375 0.05625 0.21875
1 0.25703125 0.564453125 0.0578125 0.20703125
1 0.203125 0.556640625 0.0625 0.19921875
2 0.81875 0.6982421875 0.034375 0.150390625
0 0.89296875 0.529296875 0.1078125 0.125
0 0.78046875 0.49609375 0.0828125 0.07421875
0 0.54296875 0.4580078125 0.0421875 0.041015625
0 0.134375 0.5751953125 0.140625 0.166015625
1 0.40078125 0.4658203125 0.0265625 0.052734375
0 0.43515625 0.447265625 0.0203125 0.0234375
0 0.66640625 0.4755859375 0.0265625 0.041015625
1 0.5671875 0.455078125 0.01875 0.0390625
