0 0.859375 0.6259765625 0.26875 0.302734375
2 0.2078125 0.544921875 0.040625 0.10546875
2 0.1140625 0.4833984375 0.05 0.087890625
1 0.82890625 0.4619140625 0.0296875 0.037109375
1 0.80625 0.466796875 0.03125 0.046875
1 0.76875 0.4833984375 0.021875 0.072265625
1 0.75078125 0.4697265625 0.0234375 0.076171875
1 0.7296875 0.4677734375 0.025 0.041015625
1 0.70546875 0.4697265625 0.0203125 0.052734375
1 0.49765625 0.4609375 0.0140625 0.04296875
1 0.4828125 0.46875 0.025 0.07421875
1 0.446875 0.470703125 0.03125 0.06640625
1 0.25234375 0.447265625 0.0234375 0.05859375
1 0.2734375 0.4501953125 0.01875 0.044921875
2 0.1828125 0.484375 0.0375 0.078125
1 0.2140625 0.50390625 0.053125 0.16015625
1 0.603125 0.462890625 0.01875 0.04296875
