0 0.0734375 0.5634765625 0.146875 0.302734375
0 0.1734375 0.484375 0.209375 0.1953125
0 0.29375 0.4873046875 0.059375 0.107421875
0 0.4328125 0.4677734375 0.034375 0.041015625
0 0.58828125 0.4833984375 0.0609375 0.052734375
0 0.66015625 0.486328125 0.0984375 0.08984375
0 0.7109375 0.505859375 0.121875 0.09375
0 0.840625 0.53125 0.21875 0.1484375
0 0.5515625 0.4677734375 0.059375 0.056640625
0 0.303125 0.4765625 0.053125 0.09375
0 0.34375 0.4716796875 0.034375 0.064453125
0 0.37421875 0.474609375 0.0234375 0.05078125
0 0.390625 0.4677734375 0.028125 0.041015625
0 0.4109375 0.455078125 0.025 0.02734375
0 0.521875 0.470703125 0.025 0.04296875
