1 0.796875 0.5419921875 0.0875 0.259765625
1 0.890625 0.57421875 0.11875 0.28515625
0 0.1359375 0.556640625 0.265625 0.19921875
0 0.2875 0.5146484375 0.15 0.169921875
0 0.396875 0.4951171875 0.084375 0.083984375
0 0.446875 0.4697265625 0.053125 0.060546875
0 0.71640625 0.509765625 0.0921875 0.0859375
2 0.89296875 0.6953125 0.0734375 0.1875
2 0.79140625 0.6279296875 0.0359375 0.138671875
0 0.6640625 0.4892578125 0.040625 0.052734375
0 0.64453125 0.4853515625 0.0234375 0.044921875
0 0.63671875 0.4775390625 0.0265625 0.041015625
0 0.6125 0.4697265625 0.025 0.025390625
0 0.51953125 0.4658203125 0.0234375 0.025390625
