1 0.6109375 0.486328125 0.034375 0.11328125
0 0.2546875 0.5107421875 0.18125 0.130859375
0 0.221875 0.466796875 0.10625 0.078125
0 0.45859375 0.4609375 0.0296875 0.03125
0 0.49296875 0.4658203125 0.0328125 0.041015625
1 0.71953125 0.484375 0.0203125 0.05078125
2 0.609375 0.521484375 0.01875 0.0625
1 0.63125 0.466796875 0.0125 0.0546875
1 0.640625 0.4677734375 0.0125 0.056640625
1 0.653125 0.4716796875 0.01875 0.056640625
1 0.37109375 0.458984375 0.0171875 0.046875
1 0.4015625 0.458984375 0.015625 0.0390625
1 0.384375 0.458984375 0.01875 0.04296875
0 0.515625 0.4599609375 0.015625 0.021484375
