1 0.80390625 0.51171875 0.0796875 0.265625
1 0.74375 0.4453125 0.046875 0.1328125
1 0.70390625 0.515625 0.0859375 0.2578125
1 0.6078125 0.4892578125 0.034375 0.099609375
0 0.42421875 0.4853515625 0.0328125 0.037109375
1 0.55078125 0.482421875 0.0328125 0.0859375
0 0.4 0.486328125 0.01875 0.0234375
0 0.3375 0.4912109375 0.075 0.083984375
0 0.28515625 0.5185546875 0.1171875 0.103515625
1 0.521875 0.4853515625 0.025 0.083984375
1 0.49453125 0.4921875 0.0265625 0.09375
1 0.475 0.482421875 0.01875 0.05078125
1 0.5796875 0.48828125 0.021875 0.05859375
1 0.6421875 0.4951171875 0.034375 0.091796875
