0 0.09375 0.5615234375 0.1875 0.193359375
0 0.2078125 0.5400390625 0.0875 0.107421875
0 0.25234375 0.5078125 0.0921875 0.09375
0 0.31796875 0.4912109375 0.0359375 0.052734375
0 0.71796875 0.466796875 0.0765625 0.07421875
1 0.54453125 0.447265625 0.0234375 0.046875
1 0.51328125 0.4609375 0.0234375 0.05859375
1 0.34609375 0.47265625 0.0234375 0.07421875
0 0.7296875 0.4453125 0.115625 0.08203125
0 0.83515625 0.4765625 0.1296875 0.09375
0 0.940625 0.564453125 0.115625 0.171875
0 0.9484375 0.462890625 0.0625 0.08984375
0 0.37265625 0.46875 0.0453125 0.05078125
0 0.4 0.4609375 0.025 0.03515625
0 0.65625 0.4541015625 0.03125 0.044921875
1 0.57421875 0.453125 0.0171875 0.04296875
