0 0.0375 0.474609375 0.065625 0.0625
0 0.103125 0.4873046875 0.103125 0.068359375
0 0.20078125 0.4990234375 0.1046875 0.072265625
1 0.31875 0.4736328125 0.034375 0.076171875
1 0.2859375 0.462890625 0.03125 0.046875
1 0.225 0.4541015625 0.03125 0.037109375
2 0.321875 0.52734375 0.04375 0.078125
2 0.9078125 0.546875 0.059375 0.078125
2 0.95703125 0.5478515625 0.0765625 0.087890625
1 0.53671875 0.55859375 0.0453125 0.16015625
2 0.29140625 0.55078125 0.0234375 0.0546875
2 0.253125 0.5234375 0.025 0.046875
