0 0.3640625 0.48046875 0.065625 0.0703125
0 0.59765625 0.46875 0.0328125 0.046875
1 0.8671875 0.5087890625 0.0375 0.123046875
1 0.8328125 0.513671875 0.040625 0.11328125
1 0.6375 0.486328125 0.03125 0.06640625
1 0.57734375 0.4892578125 0.0203125 0.068359375
1 0.553125 0.474609375 0.025 0.06640625
1 0.2578125 0.4755859375 0.021875 0.068359375
0 0.97265625 0.482421875 0.0515625 0.06640625
0 0.446875 0.451171875 0.028125 0.0234375
0 0.47109375 0.4501953125 0.0328125 0.029296875
1 0.31015625 0.4599609375 0.0203125 0.056640625
1 0.2796875 0.46484375 0.01875 0.0546875
