1 0.60546875 0.5478515625 0.0546875 0.208984375
1 0.46015625 0.541015625 0.0578125 0.1953125
1 0.4171875 0.4599609375 0.025 0.056640625
1 0.340625 0.4912109375 0.025 0.087890625
0 0.87109375 0.7412109375 0.2546875 0.513671875
0 0.7640625 0.5888671875 0.215625 0.232421875
0 0.66171875 0.529296875 0.0578125 0.1015625
0 0.05859375 0.6298828125 0.1171875 0.212890625
0 0.15234375 0.564453125 0.1546875 0.13671875
0 0.23828125 0.5078125 0.1203125 0.140625
0 0.38203125 0.474609375 0.0484375 0.05859375
0 0.71484375 0.443359375 0.0734375 0.05078125
0 0.7328125 0.44921875 0.0625 0.03515625
0 0.5734375 0.4736328125 0.046875 0.052734375
0 0.5625 0.458984375 0.04375 0.05078125
0 0.47265625 0.4453125 0.0203125 0.03125
0 0.43203125 0.44921875 0.0296875 0.03515625
0 0.30859375 0.494140625 0.0359375 0.08203125
2 0.459375 0.5908203125 0.025 0.103515625
0 0.14296875 0.46875 0.0671875 0.05078125
