0 0.1734375 0.4853515625 0.153125 0.134765625
0 0.26171875 0.482421875 0.0703125 0.08984375
0 0.3046875 0.4775390625 0.05 0.064453125
0 0.3359375 0.4609375 0.05625 0.078125
0 0.4078125 0.4658203125 0.0875 0.087890625
0 0.50546875 0.455078125 0.0484375 0.0546875
0 0.54765625 0.453125 0.0359375 0.04296875
0 0.72890625 0.474609375 0.0515625 0.078125
0 0.93984375 0.51953125 0.1109375 0.171875
0 0.65 0.5068359375 0.13125 0.130859375
1 0.86875 0.5205078125 0.0625 0.208984375
1 0.4625 0.4482421875 0.009375 0.037109375
0 0.59765625 0.4677734375 0.0453125 0.052734375
