0 0.34140625 0.5029296875 0.1546875 0.111328125
0 0.42578125 0.4736328125 0.0734375 0.087890625
0 0.47890625 0.4609375 0.0421875 0.0703125
2 0.246875 0.513671875 0.025 0.05859375
1 0.7125 0.4384765625 0.015625 0.021484375
1 0.703125 0.466796875 0.01875 0.046875
2 0.990625 0.4873046875 0.015625 0.044921875
1 0.7875 0.443359375 0.01875 0.0390625
1 0.6015625 0.4580078125 0.01875 0.041015625
1 0.584375 0.4580078125 0.015625 0.044921875
0 0.3265625 0.4443359375 0.05625 0.021484375
1 0.24921875 0.4560546875 0.0296875 0.052734375
1 0.146875 0.4365234375 0.01875 0.037109375
