1 0.61953125 0.46484375 0.0234375 0.08203125
1 0.653125 0.462890625 0.025 0.08203125
1 0.671875 0.462890625 0.028125 0.1015625
1 0.68828125 0.4677734375 0.0359375 0.091796875
0 0.81015625 0.45703125 0.0578125 0.08203125
0 0.92578125 0.447265625 0.1453125 0.13671875
0 0.95078125 0.4892578125 0.0953125 0.123046875
0 0.4421875 0.46484375 0.034375 0.03515625
1 0.16875 0.478515625 0.01875 0.04296875
1 0.1296875 0.486328125 0.021875 0.03125
1 0.1109375 0.4892578125 0.01875 0.052734375
1 0.36328125 0.462890625 0.0109375 0.02734375
1 0.37578125 0.46484375 0.0109375 0.0234375
1 0.3828125 0.4619140625 0.0125 0.029296875
1 0.6 0.4599609375 0.021875 0.056640625
1 0.58046875 0.462890625 0.0203125 0.05859375
