0 0.8859375 0.5146484375 0.225 0.134765625
0 0.68359375 0.45703125 0.0578125 0.0546875
0 0.18046875 0.52734375 0.1546875 0.13671875
0 0.265625 0.5087890625 0.053125 0.083984375
0 0.28984375 0.490234375 0.0546875 0.09765625
1 0.50859375 0.44921875 0.0203125 0.046875
1 0.5390625 0.4453125 0.01875 0.04296875
1 0.37109375 0.4599609375 0.0234375 0.052734375
0 0.78671875 0.462890625 0.1265625 0.0703125
0 0.6984375 0.4326171875 0.10625 0.072265625
0 0.9328125 0.4306640625 0.075 0.056640625
0 0.96875 0.45703125 0.059375 0.05859375
0 0.63046875 0.4453125 0.0265625 0.03515625
0 0.3875 0.451171875 0.021875 0.0390625
0 0.3265625 0.4765625 0.025 0.06640625
0 0.3453125 0.4765625 0.028125 0.04296875
0 0.403125 0.4541015625 0.021875 0.037109375
1 0.56015625 0.4453125 0.0171875 0.04296875
