0 0.271875 0.46875 0.103125 0.0703125
0 0.1828125 0.458984375 0.096875 0.0546875
0 0.1140625 0.447265625 0.071875 0.05078125
1 0.69140625 0.537109375 0.0484375 0.1484375
1 0.72734375 0.48046875 0.0421875 0.08203125
1 0.4140625 0.462890625 0.025 0.07421875
1 0.39453125 0.455078125 0.0203125 0.06640625
2 0.8625 0.5126953125 0.06875 0.068359375
2 0.8234375 0.51171875 0.04375 0.0625
1 0.2421875 0.4384765625 0.021875 0.044921875
0 0.02109375 0.4345703125 0.0421875 0.060546875
2 0.38671875 0.4951171875 0.0234375 0.044921875
