0 0.45703125 0.46484375 0.0703125 0.05859375
0 0.5203125 0.4609375 0.034375 0.0390625
0 0.69140625 0.4677734375 0.0484375 0.056640625
0 0.765625 0.4677734375 0.078125 0.103515625
0 0.7859375 0.4951171875 0.0375 0.083984375
0 0.84609375 0.482421875 0.0515625 0.09765625
1 0.54765625 0.4873046875 0.0265625 0.091796875
1 0.57734375 0.4951171875 0.0390625 0.119140625
1 0.6484375 0.5224609375 0.059375 0.181640625
0 0.27734375 0.458984375 0.0171875 0.0703125
0 0.21171875 0.4580078125 0.1046875 0.095703125
0 0.09453125 0.4287109375 0.1265625 0.068359375
