1 0.06484375 0.44140625 0.0484375 0.06640625
1 0.65703125 0.4755859375 0.0234375 0.044921875
1 0.703125 0.5126953125 0.0375 0.138671875
1 0.7328125 0.5361328125 0.046875 0.181640625
0 0.21796875 0.439453125 0.1359375 0.05078125
0 0.11484375 0.552734375 0.2046875 0.1796875
0 0.22890625 0.521484375 0.1046875 0.1171875
0 0.309375 0.501953125 0.09375 0.1171875
0 0.3546875 0.4892578125 0.05 0.083984375
0 0.38671875 0.474609375 0.0328125 0.0703125
0 0.4328125 0.46484375 0.05 0.05078125
0 0.91640625 0.5185546875 0.1453125 0.107421875
0 0.8796875 0.49609375 0.19375 0.109375
0 0.79375 0.4921875 0.08125 0.0703125
0 0.76328125 0.4912109375 0.0515625 0.072265625
1 0.6234375 0.4609375 0.015625 0.04296875
0 0.58828125 0.4599609375 0.0265625 0.033203125
0 0.55859375 0.4482421875 0.0171875 0.021484375
0 0.4640625 0.4609375 0.025 0.03515625
0 0.47265625 0.453125 0.0328125 0.0390625
0 0.48984375 0.4541015625 0.0203125 0.025390625
