0 0.0796875 0.42578125 0.159375 0.30859375
0 0.1921875 0.412109375 0.090625 0.1015625
0 0.23984375 0.3876953125 0.1015625 0.103515625
0 0.32265625 0.3935546875 0.0671875 0.060546875
0 0.3796875 0.384765625 0.04375 0.046875
0 0.50234375 0.384765625 0.0359375 0.0390625
0 0.55 0.38671875 0.0375 0.04296875
0 0.6625 0.443359375 0.128125 0.18359375
1 0.62109375 0.38671875 0.0265625 0.0546875
0 0.81953125 0.5205078125 0.3578125 0.333984375
0 0.4109375 0.3828125 0.025 0.03125
0 0.4296875 0.376953125 0.025 0.03515625
1 0.44375 0.3759765625 0.01875 0.041015625
0 0.584375 0.3935546875 0.0375 0.056640625
0 0.35703125 0.388671875 0.0328125 0.05078125
