1 0.8203125 0.515625 0.025 0.1171875
1 0.8515625 0.5185546875 0.028125 0.123046875
1 0.89296875 0.5205078125 0.0359375 0.134765625
1 0.2 0.4931640625 0.01875 0.064453125
1 0.02734375 0.501953125 0.0203125 0.11328125
0 0.4703125 0.517578125 0.078125 0.09375
1 0.8 0.5107421875 0.025 0.103515625
1 0.5921875 0.5078125 0.01875 0.0625
1 0.55859375 0.509765625 0.0203125 0.0625
1 0.2171875 0.4931640625 0.021875 0.068359375
1 0.98515625 0.4873046875 0.0203125 0.041015625
1 0.9703125 0.486328125 0.021875 0.04296875
