1 0.98125 0.486328125 0.03125 0.203125
1 0.9234375 0.4873046875 0.034375 0.146484375
1 0.8859375 0.4755859375 0.0375 0.150390625
1 0.8359375 0.48828125 0.03125 0.10546875
1 0.81015625 0.4609375 0.0265625 0.0703125
1 0.79609375 0.490234375 0.0296875 0.109375
1 0.7421875 0.4775390625 0.01875 0.080078125
0 0.765625 0.4443359375 0.028125 0.072265625
1 0.7328125 0.4501953125 0.021875 0.052734375
1 0.71328125 0.427734375 0.0234375 0.02734375
1 0.709375 0.4794921875 0.021875 0.083984375
1 0.6875 0.4677734375 0.021875 0.068359375
1 0.659375 0.46875 0.025 0.0703125
0 0.22890625 0.4853515625 0.0953125 0.087890625
0 0.953125 0.4375 0.028125 0.109375
