1 0.96875 0.384765625 0.021875 0.03515625
0 0.978125 0.423828125 0.040625 0.06640625
1 0.87265625 0.470703125 0.0734375 0.26953125
0 0.79140625 0.4453125 0.0859375 0.08984375
0 0.7953125 0.3818359375 0.090625 0.037109375
1 0.571875 0.48828125 0.04375 0.171875
0 0.540625 0.44140625 0.028125 0.078125
0 0.4828125 0.4453125 0.040625 0.0546875
1 0.334375 0.4560546875 0.01875 0.068359375
1 0.340625 0.4443359375 0.0125 0.056640625
0 0.26484375 0.4482421875 0.0359375 0.041015625
0 0.234375 0.4501953125 0.025 0.029296875
0 0.21171875 0.451171875 0.0265625 0.02734375
0 0.13359375 0.4580078125 0.0546875 0.060546875
0 0.0453125 0.46484375 0.0875 0.11328125
