0 0.078125 0.763671875 0.15625 0.33984375
0 0.0796875 0.564453125 0.153125 0.140625
0 0.16640625 0.5 0.0671875 0.05859375
0 0.23515625 0.5693359375 0.2203125 0.197265625
0 0.3625 0.5009765625 0.08125 0.115234375
0 0.9328125 0.8828125 0.128125 0.23046875
0 0.821875 0.6416015625 0.35 0.333984375
0 0.6578125 0.5537109375 0.109375 0.138671875
0 0.615625 0.51953125 0.090625 0.1015625
0 0.590625 0.482421875 0.078125 0.1015625
1 0.50625 0.4677734375 0.025 0.060546875
1 0.40625 0.4580078125 0.01875 0.052734375
0 0.4203125 0.4521484375 0.028125 0.037109375
0 0.4921875 0.4482421875 0.034375 0.044921875
0 0.6875 0.44140625 0.0375 0.03515625
0 0.66015625 0.4443359375 0.0296875 0.033203125
0 0.253125 0.45703125 0.115625 0.03515625
0 0.54765625 0.455078125 0.0421875 0.05078125
