1 0.934375 0.4228515625 0.025 0.134765625
1 0.90625 0.435546875 0.0375 0.14453125
1 0.8796875 0.3564453125 0.015625 0.017578125
1 0.87734375 0.388671875 0.0171875 0.0390625
1 0.8609375 0.36328125 0.01875 0.03125
1 0.846875 0.3486328125 0.0125 0.025390625
1 0.840625 0.3671875 0.0125 0.02734375
1 0.83359375 0.3427734375 0.0140625 0.021484375
1 0.85 0.47265625 0.046875 0.1796875
1 0.825 0.40625 0.021875 0.1171875
1 0.8109375 0.349609375 0.009375 0.02734375
1 0.80703125 0.3505859375 0.0109375 0.025390625
1 0.796875 0.349609375 0.009375 0.03515625
1 0.784375 0.4130859375 0.021875 0.103515625
1 0.7578125 0.41015625 0.025 0.09765625
1 0.728125 0.361328125 0.015625 0.01953125
1 0.7328125 0.3779296875 0.0125 0.021484375
1 0.7296875 0.44140625 0.021875 0.1015625
1 0.7125 0.373046875 0.0125 0.04296875
1 0.69921875 0.3671875 0.0109375 0.0234375
1 0.659375 0.369140625 0.015625 0.046875
1 0.646875 0.3681640625 0.0125 0.044921875
1 0.62578125 0.3779296875 0.0203125 0.064453125
1 0.60625 0.3681640625 0.0125 0.037109375
1 0.6265625 0.3779296875 0.01875 0.037109375
1 0.59375 0.3671875 0.015625 0.02734375
1 0.578125 0.37109375 0.01875 0.03125
1 0.5609375 0.376953125 0.01875 0.02734375
0 0.55 0.4296875 0.090625 0.09765625
0 0.52109375 0.3955078125 0.0578125 0.068359375
0 0.47265625 0.373046875 0.0265625 0.04296875
0 0.43984375 0.3623046875 0.0484375 0.033203125
0 0.4328125 0.4072265625 0.065625 0.056640625
0 0.4875 0.3857421875 0.025 0.044921875
0 0.39296875 0.380859375 0.0203125 0.03125
0 0.3796875 0.390625 0.025 0.05078125
0 0.35390625 0.3974609375 0.0453125 0.064453125
1 0.27734375 0.369140625 0.0171875 0.01953125
0 0.2984375 0.41796875 0.1 0.09765625
0 0.228125 0.421875 0.04375 0.08203125
1 0.19609375 0.42578125 0.0296875 0.1015625
1 0.0921875 0.41015625 0.021875 0.07421875
1 0.0578125 0.419921875 0.01875 0.0859375
1 0.96484375 0.4169921875 0.0390625 0.107421875
