1 0.6734375 0.525390625 0.04375 0.1171875
0 0.07421875 0.5224609375 0.1453125 0.115234375
0 0.1765625 0.5048828125 0.090625 0.076171875
0 0.2328125 0.4931640625 0.075 0.064453125
0 0.28515625 0.490234375 0.0515625 0.05859375
0 0.3703125 0.48046875 0.03125 0.0390625
0 0.4328125 0.4755859375 0.040625 0.033203125
0 0.31875 0.4892578125 0.034375 0.052734375
2 0.6703125 0.576171875 0.028125 0.0859375
0 0.3421875 0.4814453125 0.040625 0.056640625
0 0.45625 0.47265625 0.025 0.0234375
0 0.4828125 0.4697265625 0.025 0.025390625
