1 0.9859375 0.462890625 0.025 0.12890625
0 0.94765625 0.4638671875 0.0515625 0.056640625
0 0.90234375 0.45703125 0.0421875 0.05859375
0 0.8515625 0.4619140625 0.059375 0.052734375
0 0.78125 0.4462890625 0.071875 0.068359375
1 0.7359375 0.4443359375 0.021875 0.056640625
1 0.6703125 0.4560546875 0.021875 0.076171875
1 0.6484375 0.4375 0.015625 0.05859375
1 0.6359375 0.4287109375 0.01875 0.052734375
1 0.615625 0.4208984375 0.01875 0.052734375
1 0.6046875 0.4228515625 0.01875 0.052734375
1 0.5921875 0.42578125 0.01875 0.05078125
1 0.56953125 0.427734375 0.0203125 0.05859375
1 0.55234375 0.4287109375 0.0203125 0.041015625
1 0.53828125 0.42578125 0.0203125 0.04296875
1 0.5171875 0.4345703125 0.01875 0.044921875
0 0.45546875 0.4404296875 0.0296875 0.025390625
1 0.303125 0.4462890625 0.0125 0.029296875
1 0.29375 0.44140625 0.015625 0.0390625
1 0.28203125 0.4443359375 0.0140625 0.041015625
1 0.2703125 0.4404296875 0.0125 0.044921875
1 0.25859375 0.4404296875 0.0203125 0.052734375
0 0.19453125 0.48046875 0.1109375 0.1015625
