1 0.01796875 0.505859375 0.0296875 0.09375
0 0.1984375 0.529296875 0.196875 0.1484375
0 0.44140625 0.4677734375 0.0484375 0.052734375
0 0.9359375 0.423828125 0.125 0.08984375
0 0.953125 0.4794921875 0.0875 0.130859375
1 0.8671875 0.494140625 0.046875 0.1875
1 0.8234375 0.4921875 0.05625 0.19921875
1 0.7609375 0.474609375 0.046875 0.140625
1 0.7140625 0.4833984375 0.046875 0.138671875
1 0.6125 0.4677734375 0.025 0.068359375
1 0.5921875 0.466796875 0.025 0.0703125
1 0.553125 0.458984375 0.01875 0.046875
1 0.57109375 0.44921875 0.0109375 0.03125
1 0.36015625 0.458984375 0.0109375 0.0234375
1 0.1109375 0.486328125 0.01875 0.0390625
1 0.65234375 0.4501953125 0.0140625 0.041015625
