1 0.23125 0.451171875 0.03125 0.08984375
1 0.253125 0.4853515625 0.03125 0.123046875
1 0.9 0.439453125 0.040625 0.08203125
0 0.10078125 0.58203125 0.2015625 0.2265625
0 0.1203125 0.466796875 0.125 0.0546875
0 0.17109375 0.494140625 0.1265625 0.1328125
0 0.45390625 0.4658203125 0.1609375 0.126953125
0 0.54375 0.4814453125 0.05625 0.091796875
0 0.64453125 0.4736328125 0.1703125 0.126953125
0 0.82734375 0.486328125 0.2484375 0.13671875
1 0.37890625 0.4765625 0.0296875 0.0859375
0 0.35234375 0.4697265625 0.0484375 0.056640625
0 0.31484375 0.4736328125 0.0421875 0.056640625
0 0.29140625 0.47265625 0.0421875 0.0546875
