0 0.83125 0.560546875 0.321875 0.265625
0 0.65234375 0.5146484375 0.1484375 0.142578125
0 0.57265625 0.4990234375 0.0796875 0.091796875
0 0.528125 0.48046875 0.05 0.05078125
0 0.4515625 0.4755859375 0.0375 0.041015625
2 0.34453125 0.505859375 0.0203125 0.04296875
1 0.26015625 0.451171875 0.0171875 0.0234375
2 0.375 0.4814453125 0.0125 0.025390625
0 0.428125 0.4658203125 0.015625 0.021484375
0 0.50625 0.48046875 0.025 0.046875
1 0.3765625 0.4619140625 0.0125 0.025390625
1 0.34453125 0.4599609375 0.0234375 0.052734375
1 0.2859375 0.46484375 0.0125 0.0546875
2 0.2546875 0.4912109375 0.028125 0.044921875
2 0.23203125 0.490234375 0.0234375 0.046875
2 0.21640625 0.4951171875 0.0234375 0.060546875
2 0.1984375 0.484375 0.01875 0.04296875
2 0.10859375 0.5048828125 0.0265625 0.087890625
2 0.08828125 0.505859375 0.0234375 0.09375
2 0.06015625 0.505859375 0.0421875 0.09375
1 0.009375 0.48046875 0.01875 0.1328125
