0 0.09765625 0.5966796875 0.1953125 0.240234375
0 0.30703125 0.55859375 0.2546875 0.203125
0 0.18125 0.4921875 0.096875 0.07421875
0 0.46875 0.54296875 0.134375 0.1484375
0 0.109375 0.4921875 0.05 0.046875
0 0.625 0.5283203125 0.08125 0.068359375
2 0.7265625 0.546875 0.04375 0.04296875
0 0.67109375 0.5224609375 0.0359375 0.060546875
0 0.9765625 0.5390625 0.04375 0.0703125
0 0.95234375 0.53125 0.0484375 0.05859375
0 0.69453125 0.517578125 0.0203125 0.046875
0 0.925 0.5224609375 0.025 0.056640625
0 0.9015625 0.5166015625 0.034375 0.044921875
0 0.878125 0.5107421875 0.025 0.033203125
0 0.8578125 0.5107421875 0.021875 0.025390625
0 0.8359375 0.5087890625 0.021875 0.025390625
0 0.790625 0.509765625 0.01875 0.0234375
0 0.77421875 0.5087890625 0.0203125 0.025390625
0 0.75625 0.5107421875 0.021875 0.029296875
1 0.73125 0.5078125 0.028125 0.0390625
