0 0.6359375 0.46875 0.053125 0.078125
1 0.5953125 0.4716796875 0.034375 0.162109375
0 0.5640625 0.4560546875 0.034375 0.076171875
0 0.54296875 0.453125 0.0203125 0.05078125
0 0.5265625 0.4501953125 0.021875 0.041015625
0 0.51328125 0.447265625 0.0203125 0.03125
0 0.5046875 0.4443359375 0.021875 0.025390625
0 0.490625 0.44921875 0.015625 0.01953125
0 0.47734375 0.4462890625 0.0171875 0.017578125
0 0.44765625 0.4453125 0.0171875 0.015625
0 0.3375 0.46484375 0.05625 0.07421875
0 0.26875 0.4794921875 0.10625 0.099609375
