0 0.12109375 0.5029296875 0.1109375 0.087890625
0 0.1859375 0.484375 0.078125 0.08203125
0 0.93359375 0.466796875 0.1296875 0.18359375
0 0.234375 0.4765625 0.065625 0.078125
0 0.66875 0.5 0.153125 0.1171875
0 0.5703125 0.4892578125 0.046875 0.087890625
0 0.53984375 0.4833984375 0.0203125 0.076171875
0 0.51953125 0.4736328125 0.0203125 0.072265625
0 0.50234375 0.4658203125 0.0171875 0.052734375
0 0.275 0.4814453125 0.01875 0.048828125
0 0.2953125 0.478515625 0.028125 0.03515625
0 0.3203125 0.4736328125 0.025 0.029296875
0 0.48125 0.4638671875 0.028125 0.041015625
0 0.434375 0.4619140625 0.025 0.029296875
0 0.37265625 0.4638671875 0.0265625 0.029296875
