2 0.35234375 0.5126953125 0.0203125 0.052734375
1 0.353125 0.4892578125 0.028125 0.072265625
0 0.87421875 0.65234375 0.2453125 0.31640625
0 0.678125 0.5205078125 0.10625 0.130859375
0 0.61875 0.505859375 0.046875 0.09375
0 0.5015625 0.4443359375 0.028125 0.033203125
0 0.0734375 0.5009765625 0.140625 0.115234375
0 0.1828125 0.4755859375 0.034375 0.064453125
0 0.27265625 0.4580078125 0.0265625 0.056640625
0 0.3125 0.4677734375 0.059375 0.052734375
0 0.390625 0.466796875 0.04375 0.0390625
0 0.425 0.4560546875 0.03125 0.029296875
0 0.59296875 0.486328125 0.0359375 0.05859375
0 0.584375 0.4697265625 0.04375 0.052734375
0 0.55390625 0.4521484375 0.0296875 0.037109375
