1 0.6703125 0.462890625 0.034375 0.10546875
1 0.62578125 0.46875 0.0328125 0.08203125
0 0.25 0.462890625 0.028125 0.0390625
0 0.215625 0.48046875 0.065625 0.078125
0 0.32890625 0.4609375 0.0921875 0.046875
1 0.859375 0.4443359375 0.03125 0.083984375
1 0.9296875 0.4375 0.021875 0.06640625
0 0.44921875 0.474609375 0.1296875 0.1484375
1 0.57890625 0.4580078125 0.0171875 0.044921875
0 0.271875 0.4609375 0.025 0.03515625
0 0.021875 0.47265625 0.04375 0.0390625
0 0.01953125 0.5185546875 0.0390625 0.076171875
0 0.12890625 0.474609375 0.1359375 0.12109375
0 0.0546875 0.4814453125 0.025 0.080078125
