0 0.6609375 0.4541015625 0.05625 0.095703125
1 0.62109375 0.4521484375 0.0328125 0.103515625
1 0.590625 0.453125 0.034375 0.109375
1 0.38046875 0.435546875 0.0265625 0.08203125
0 0.3421875 0.4384765625 0.05 0.064453125
0 0.40859375 0.43359375 0.0234375 0.046875
0 0.05625 0.4287109375 0.075 0.083984375
0 0.19375 0.4326171875 0.06875 0.060546875
0 0.26171875 0.451171875 0.1203125 0.1015625
0 0.11328125 0.4248046875 0.0453125 0.068359375
0 0.09765625 0.4033203125 0.1109375 0.076171875
0 0.43125 0.4296875 0.028125 0.04296875
0 0.4515625 0.4287109375 0.021875 0.037109375
0 0.46015625 0.419921875 0.0296875 0.03515625
