1 0.85078125 0.4765625 0.0609375 0.1484375
1 0.7015625 0.4638671875 0.034375 0.126953125
1 0.63359375 0.4638671875 0.0515625 0.126953125
1 0.26015625 0.4521484375 0.0265625 0.068359375
1 0.0109375 0.44140625 0.021875 0.14453125
0 0.3765625 0.4609375 0.028125 0.06640625
0 0.3421875 0.4677734375 0.04375 0.076171875
0 0.52421875 0.4638671875 0.0328125 0.033203125
0 0.72890625 0.4736328125 0.0296875 0.099609375
0 0.9453125 0.5302734375 0.1 0.138671875
0 0.2921875 0.4658203125 0.0375 0.072265625
0 0.484375 0.458984375 0.0375 0.0390625
0 0.4078125 0.4560546875 0.028125 0.037109375
0 0.56328125 0.4580078125 0.0578125 0.064453125
0 0.5890625 0.466796875 0.0375 0.05859375
0 0.6671875 0.4619140625 0.046875 0.087890625
