0 0.5296875 0.50390625 0.103125 0.11328125
0 0.41015625 0.5 0.0234375 0.02734375
0 0.2734375 0.4921875 0.084375 0.07421875
1 0.1734375 0.49609375 0.015625 0.05078125
1 0.16328125 0.4970703125 0.0109375 0.044921875
1 0.14765625 0.4990234375 0.0140625 0.052734375
1 0.13359375 0.5029296875 0.0140625 0.052734375
1 0.11796875 0.498046875 0.0140625 0.06640625
1 0.1015625 0.498046875 0.015625 0.0625
1 0.08671875 0.5009765625 0.0140625 0.068359375
1 0.0703125 0.501953125 0.015625 0.0703125
1 0.05703125 0.50390625 0.0140625 0.0625
1 0.04140625 0.505859375 0.0203125 0.07421875
1 0.01875 0.505859375 0.021875 0.078125
