1 0.42421875 0.4853515625 0.0234375 0.060546875
0 0.1671875 0.615234375 0.321875 0.40234375
0 0.74140625 0.5166015625 0.0984375 0.087890625
0 0.87109375 0.587890625 0.2515625 0.22265625
0 0.70546875 0.498046875 0.0578125 0.06640625
0 0.6828125 0.4833984375 0.0375 0.044921875
1 0.4640625 0.478515625 0.015625 0.046875
1 0.4765625 0.4794921875 0.0125 0.041015625
1 0.4890625 0.4794921875 0.0125 0.044921875
1 0.5 0.48046875 0.0125 0.04296875
1 0.528125 0.474609375 0.009375 0.03125
1 0.53671875 0.4765625 0.0109375 0.03125
