0 0.03125 0.5078125 0.0625 0.1171875
0 0.0890625 0.490234375 0.11875 0.125
0 0.18671875 0.48828125 0.0921875 0.08203125
0 0.23984375 0.4775390625 0.0546875 0.060546875
0 0.396875 0.45703125 0.028125 0.02734375
0 0.41484375 0.455078125 0.0234375 0.02734375
1 0.625 0.4873046875 0.03125 0.095703125
1 0.31171875 0.4619140625 0.0265625 0.056640625
1 0.5390625 0.455078125 0.015625 0.03125
0 0.49140625 0.455078125 0.0203125 0.0234375
0 0.4578125 0.45703125 0.01875 0.0234375
0 0.4375 0.4560546875 0.01875 0.025390625
2 0.62421875 0.517578125 0.0234375 0.06640625
2 0.31171875 0.4765625 0.0390625 0.0390625
