0 0.79375 0.521484375 0.2875 0.25390625
0 0.6015625 0.5009765625 0.10625 0.103515625
0 0.53515625 0.5048828125 0.0328125 0.060546875
0 0.515625 0.5087890625 0.025 0.044921875
0 0.503125 0.5087890625 0.021875 0.044921875
0 0.48828125 0.5068359375 0.0203125 0.041015625
0 0.41171875 0.5048828125 0.0109375 0.017578125
0 0.4140625 0.5263671875 0.015625 0.017578125
0 0.36640625 0.525390625 0.0140625 0.015625
0 0.3 0.513671875 0.053125 0.04296875
0 0.23203125 0.5107421875 0.0859375 0.072265625
0 0.0140625 0.5546875 0.025 0.15234375
