0 0.9140625 0.517578125 0.16875 0.2109375
0 0.79921875 0.4931640625 0.1578125 0.138671875
0 0.71484375 0.4638671875 0.1140625 0.123046875
0 0.64609375 0.4638671875 0.0578125 0.083984375
1 0.59609375 0.439453125 0.0171875 0.04296875
0 0.5171875 0.4404296875 0.025 0.021484375
0 0.40625 0.4453125 0.021875 0.0234375
0 0.3625 0.453125 0.0375 0.0390625
0 0.33203125 0.4599609375 0.0265625 0.052734375
0 0.28671875 0.451171875 0.0859375 0.0859375
0 0.25859375 0.470703125 0.0546875 0.0703125
0 0.1875 0.474609375 0.096875 0.09765625
0 0.115625 0.5849609375 0.23125 0.400390625
