0 0.63515625 0.6259765625 0.4890625 0.419921875
2 0.33671875 0.5146484375 0.0234375 0.037109375
2 0.28828125 0.51171875 0.0359375 0.0390625
1 0.9125 0.4736328125 0.03125 0.091796875
3 0.878125 0.5048828125 0.03125 0.029296875
1 0.79921875 0.4814453125 0.0328125 0.083984375
1 0.22421875 0.4697265625 0.0171875 0.056640625
1 0.20078125 0.47265625 0.0203125 0.0625
0 0.421875 0.4677734375 0.01875 0.025390625
0 0.4078125 0.46875 0.0125 0.0234375
0 0.39296875 0.4697265625 0.0203125 0.025390625
1 0.3375 0.47265625 0.01875 0.046875
1 0.2828125 0.46484375 0.025 0.05078125
1 0.1671875 0.47265625 0.025 0.0625
1 0.1515625 0.474609375 0.021875 0.0625
1 0.09609375 0.453125 0.0140625 0.03515625
1 0.07578125 0.4560546875 0.0171875 0.037109375
