1 0.0234375 0.513671875 0.0375 0.1328125
1 0.23125 0.4638671875 0.028125 0.064453125
1 0.26015625 0.474609375 0.0265625 0.0703125
1 0.63046875 0.4951171875 0.0359375 0.091796875
1 0.98515625 0.5498046875 0.0265625 0.166015625
2 0.6328125 0.5419921875 0.025 0.052734375
2 0.25625 0.505859375 0.025 0.05078125
0 0.75390625 0.462890625 0.0671875 0.0546875
0 0.659375 0.48046875 0.04375 0.0625
0 0.56796875 0.455078125 0.0515625 0.0390625
0 0.440625 0.443359375 0.040625 0.0234375
0 0.46875 0.4453125 0.0375 0.03125
1 0.13046875 0.4833984375 0.0265625 0.091796875
1 0.53203125 0.4404296875 0.0203125 0.037109375
