0 0.15625 0.5283203125 0.209375 0.138671875
0 0.3375 0.4853515625 0.05625 0.056640625
0 0.45625 0.48046875 0.11875 0.13671875
1 0.7625 0.46484375 0.021875 0.078125
1 0.784375 0.4638671875 0.021875 0.083984375
1 0.8046875 0.4677734375 0.025 0.072265625
1 0.8171875 0.4755859375 0.021875 0.099609375
1 0.859375 0.46875 0.021875 0.12109375
1 0.6671875 0.4580078125 0.021875 0.033203125
1 0.196875 0.4453125 0.028125 0.03125
1 0.221875 0.4560546875 0.03125 0.052734375
1 0.14296875 0.4541015625 0.0234375 0.029296875
1 0.2515625 0.4697265625 0.021875 0.056640625
1 0.27578125 0.474609375 0.0203125 0.05859375
2 0.009375 0.5224609375 0.01875 0.052734375
