0 0.06875 0.4189453125 0.134375 0.044921875
0 0.19375 0.4306640625 0.125 0.103515625
0 0.46484375 0.4384765625 0.0703125 0.060546875
0 0.5015625 0.4296875 0.040625 0.0546875
0 0.5296875 0.427734375 0.034375 0.05078125
0 0.728125 0.435546875 0.0625 0.07421875
0 0.87578125 0.4501953125 0.0859375 0.076171875
0 0.92734375 0.4580078125 0.0703125 0.107421875
2 0.06875 0.5986328125 0.1375 0.115234375
1 0.05625 0.544921875 0.05625 0.1953125
0 0.56796875 0.4189453125 0.0453125 0.044921875
0 0.590625 0.416015625 0.028125 0.0390625
0 0.61640625 0.4091796875 0.0265625 0.033203125
0 0.87265625 0.4296875 0.1109375 0.078125
