0 0.0625 0.5517578125 0.125 0.181640625
0 0.175 0.5244140625 0.14375 0.119140625
0 0.7421875 0.568359375 0.18125 0.16796875
0 0.665625 0.5341796875 0.096875 0.123046875
0 0.903125 0.7392578125 0.190625 0.435546875
0 0.49921875 0.4736328125 0.0453125 0.037109375
1 0.603125 0.5126953125 0.05 0.177734375
1 0.565625 0.501953125 0.028125 0.1171875
1 0.31953125 0.4951171875 0.0328125 0.107421875
1 0.2890625 0.490234375 0.028125 0.1015625
0 0.3734375 0.462890625 0.0625 0.0546875
0 0.52265625 0.47265625 0.0203125 0.03125
0 0.5375 0.474609375 0.01875 0.02734375
