2 0.80546875 0.5654296875 0.0546875 0.146484375
2 0.75078125 0.5439453125 0.0328125 0.099609375
2 0.7734375 0.546875 0.015625 0.09765625
2 0.96015625 0.580078125 0.0453125 0.10546875
0 0.41015625 0.5 0.0203125 0.0234375
0 0.425 0.49609375 0.015625 0.0234375
2 0.1859375 0.533203125 0.01875 0.0546875
2 0.91484375 0.576171875 0.0453125 0.11328125
2 0.1609375 0.5361328125 0.025 0.052734375
2 0.653125 0.515625 0.021875 0.05078125
2 0.621875 0.5205078125 0.01875 0.044921875
2 0.603125 0.521484375 0.021875 0.05078125
0 0.38984375 0.50390625 0.0203125 0.0234375
0 0.3671875 0.50390625 0.03125 0.03515625
2 0.71875 0.5458984375 0.040625 0.091796875
