0 0.421875 0.47265625 0.05625 0.0546875
0 0.809375 0.4638671875 0.053125 0.083984375
0 0.92421875 0.4453125 0.1359375 0.14453125
0 0.95 0.4892578125 0.096875 0.103515625
1 0.76328125 0.484375 0.0359375 0.125
1 0.721875 0.4775390625 0.046875 0.150390625
1 0.65625 0.47265625 0.03125 0.1015625
1 0.58515625 0.466796875 0.0234375 0.0625
1 0.60546875 0.4619140625 0.0265625 0.064453125
1 0.5578125 0.4609375 0.0125 0.05078125
1 0.54765625 0.458984375 0.0109375 0.046875
1 0.16875 0.4814453125 0.01875 0.044921875
1 0.11171875 0.4892578125 0.0234375 0.052734375
1 0.3828125 0.4609375 0.0125 0.03125
