1 0.7421875 0.478515625 0.04375 0.09765625
1 0.91015625 0.5234375 0.0578125 0.2265625
1 0.9640625 0.53125 0.0625 0.3984375
2 0.984375 0.677734375 0.025 0.17578125
2 0.91015625 0.5986328125 0.0359375 0.099609375
2 0.7390625 0.5146484375 0.028125 0.068359375
0 0.853125 0.51171875 0.0625 0.10546875
0 0.828125 0.501953125 0.053125 0.08203125
0 0.79765625 0.5009765625 0.0453125 0.072265625
0 0.540625 0.486328125 0.05 0.03515625
0 0.48046875 0.490234375 0.0484375 0.05078125
0 0.4203125 0.4921875 0.08125 0.06640625
0 0.10703125 0.51953125 0.2109375 0.265625
