1 0.9796875 0.4697265625 0.034375 0.076171875
1 0.92109375 0.4658203125 0.0359375 0.076171875
1 0.88671875 0.4716796875 0.0359375 0.068359375
1 0.421875 0.4599609375 0.01875 0.044921875
1 0.4046875 0.458984375 0.01875 0.05078125
1 0.51796875 0.46484375 0.0234375 0.04296875
1 0.1140625 0.4658203125 0.040625 0.126953125
1 0.0703125 0.4677734375 0.040625 0.119140625
1 0.4765625 0.4609375 0.01875 0.0390625
1 0.39140625 0.455078125 0.0203125 0.04296875
1 0.63203125 0.462890625 0.0203125 0.05859375
1 0.7375 0.4736328125 0.01875 0.041015625
2 0.75234375 0.5517578125 0.0421875 0.134765625
2 0.7984375 0.5654296875 0.03125 0.099609375
2 0.8734375 0.630859375 0.0375 0.10546875
1 0.71640625 0.4677734375 0.0203125 0.041015625
1 0.60703125 0.462890625 0.0203125 0.05859375
0 0.534375 0.4580078125 0.025 0.029296875
