0 0.06640625 0.5078125 0.1296875 0.19140625
0 0.15234375 0.4775390625 0.0796875 0.080078125
0 0.25234375 0.498046875 0.2109375 0.18359375
0 0.36640625 0.4716796875 0.0421875 0.056640625
0 0.5140625 0.4560546875 0.040625 0.044921875
0 0.5640625 0.462890625 0.040625 0.04296875
0 0.6421875 0.5126953125 0.075 0.138671875
0 0.734375 0.556640625 0.221875 0.21875
0 0.40234375 0.4609375 0.0359375 0.0390625
0 0.43203125 0.455078125 0.0234375 0.03125
0 0.44453125 0.44921875 0.0234375 0.03125
1 0.45859375 0.44921875 0.0140625 0.0390625
1 0.625 0.4521484375 0.021875 0.041015625
