2 0.54375 0.576171875 0.05 0.17578125
2 0.4390625 0.572265625 0.028125 0.15234375
2 0.3421875 0.509765625 0.01875 0.06640625
1 0.40078125 0.470703125 0.0234375 0.12109375
1 0.73671875 0.4482421875 0.0234375 0.044921875
2 0.9296875 0.548828125 0.1375 0.21875
2 0.6640625 0.544921875 0.0625 0.1015625
2 0.77109375 0.5234375 0.0640625 0.13671875
0 0.24140625 0.486328125 0.1046875 0.08984375
2 0.728125 0.525390625 0.071875 0.13671875
2 0.61796875 0.5107421875 0.0296875 0.099609375
2 0.59921875 0.49609375 0.0203125 0.08203125
1 0.5484375 0.4111328125 0.0625 0.166015625
1 0.43671875 0.43359375 0.0546875 0.140625
1 0.34296875 0.44921875 0.0296875 0.0625
