0 0.06484375 0.638671875 0.1296875 0.21875
0 0.13984375 0.5791015625 0.1546875 0.158203125
0 0.284375 0.5146484375 0.103125 0.091796875
0 0.33046875 0.4912109375 0.0453125 0.052734375
0 0.35234375 0.48046875 0.0453125 0.05078125
0 0.36953125 0.470703125 0.0328125 0.04296875
0 0.40234375 0.45703125 0.0578125 0.0390625
0 0.59375 0.4736328125 0.075 0.056640625
0 0.571875 0.4609375 0.05 0.046875
0 0.7796875 0.564453125 0.26875 0.23046875
0 0.9546875 0.8466796875 0.0875 0.248046875
0 0.9015625 0.4765625 0.06875 0.0625
0 0.93984375 0.4921875 0.0953125 0.09375
0 0.4296875 0.4462890625 0.034375 0.033203125
0 0.4421875 0.4423828125 0.01875 0.029296875
0 0.45546875 0.435546875 0.0234375 0.0234375
