2 0.05234375 0.552734375 0.0484375 0.05859375
2 0.1359375 0.533203125 0.040625 0.0625
2 0.1890625 0.52734375 0.040625 0.04296875
1 0.0546875 0.51171875 0.04375 0.109375
1 0.13203125 0.5009765625 0.0359375 0.095703125
1 0.190625 0.4970703125 0.040625 0.072265625
0 0.17109375 0.484375 0.1234375 0.11328125
0 0.37265625 0.470703125 0.0203125 0.0234375
0 0.584375 0.4697265625 0.0625 0.033203125
0 0.5828125 0.4873046875 0.059375 0.033203125
2 0.24453125 0.51953125 0.0203125 0.0390625
1 0.24375 0.4912109375 0.025 0.064453125
