0 0.77890625 0.421875 0.0671875 0.078125
0 0.89453125 0.435546875 0.1984375 0.11328125
1 0.0234375 0.4443359375 0.04375 0.134765625
0 0.0640625 0.4189453125 0.128125 0.095703125
1 0.0890625 0.45703125 0.040625 0.11328125
1 0.1484375 0.4384765625 0.034375 0.044921875
1 0.175 0.4296875 0.025 0.04296875
1 0.2125 0.4443359375 0.046875 0.123046875
1 0.2625 0.4423828125 0.05 0.095703125
2 0.26953125 0.4658203125 0.0578125 0.044921875
2 0.0296875 0.4951171875 0.05625 0.056640625
1 0.36328125 0.42578125 0.0296875 0.0390625
1 0.4078125 0.42578125 0.034375 0.0703125
2 0.3640625 0.4599609375 0.03125 0.041015625
