0 0.06875 0.6611328125 0.1375 0.248046875
0 0.15390625 0.583984375 0.1546875 0.17578125
0 0.2578125 0.53515625 0.121875 0.13671875
0 0.353125 0.5048828125 0.090625 0.091796875
0 0.49296875 0.462890625 0.0578125 0.0625
0 0.65859375 0.5009765625 0.1015625 0.083984375
0 0.8296875 0.6064453125 0.175 0.197265625
0 0.9078125 0.7099609375 0.18125 0.388671875
0 0.10546875 0.4765625 0.1109375 0.0625
0 0.21015625 0.44921875 0.1015625 0.03515625
0 0.184375 0.47265625 0.0625 0.0546875
0 0.61328125 0.466796875 0.0515625 0.05859375
0 0.9015625 0.4912109375 0.121875 0.072265625
0 0.95703125 0.478515625 0.0828125 0.05859375
0 0.41015625 0.4765625 0.0421875 0.0546875
1 0.43203125 0.462890625 0.0234375 0.046875
