0 0.7328125 0.48046875 0.1875 0.19140625
0 0.63359375 0.4560546875 0.0609375 0.107421875
0 0.59296875 0.447265625 0.0359375 0.06640625
0 0.57890625 0.4404296875 0.0328125 0.060546875
0 0.509375 0.4443359375 0.05625 0.072265625
0 0.54453125 0.43359375 0.0203125 0.03125
0 0.475 0.44140625 0.021875 0.03125
0 0.459375 0.4384765625 0.015625 0.021484375
0 0.4375 0.443359375 0.028125 0.03515625
0 0.38515625 0.4521484375 0.0328125 0.056640625
0 0.33671875 0.4638671875 0.0828125 0.076171875
0 0.22890625 0.474609375 0.1078125 0.10546875
0 0.12109375 0.505859375 0.1671875 0.14453125
0 0.028125 0.51953125 0.053125 0.1953125
