1 0.79375 0.5166015625 0.0375 0.123046875
1 0.7640625 0.5146484375 0.0125 0.091796875
0 0.88046875 0.55078125 0.1171875 0.10546875
0 0.503125 0.525390625 0.05625 0.1015625
0 0.5390625 0.5263671875 0.053125 0.072265625
0 0.5921875 0.517578125 0.05 0.0546875
0 0.41171875 0.525390625 0.1546875 0.125
0 0.63984375 0.513671875 0.0296875 0.03125
0 0.66015625 0.5087890625 0.0265625 0.033203125
1 0.63515625 0.490234375 0.0140625 0.015625
0 0.61875 0.5126953125 0.025 0.044921875
0 0.68359375 0.5009765625 0.0203125 0.025390625
1 0.75390625 0.5185546875 0.0203125 0.087890625
