2 0.5859375 0.486328125 0.078125 0.046875
0 0.57109375 0.462890625 0.0609375 0.0625
0 0.4921875 0.486328125 0.08125 0.1015625
0 0.428125 0.439453125 0.03125 0.03125
1 0.16328125 0.466796875 0.0265625 0.08203125
1 0.275 0.63671875 0.08125 0.3203125
1 0.3625 0.447265625 0.01875 0.0390625
1 0.66171875 0.451171875 0.0203125 0.046875
1 0.7671875 0.44921875 0.025 0.03515625
1 0.821875 0.462890625 0.025 0.02734375
1 0.86171875 0.4541015625 0.0203125 0.052734375
1 0.87734375 0.4873046875 0.0421875 0.115234375
1 0.9890625 0.4833984375 0.01875 0.103515625
0 0.51328125 0.4306640625 0.0296875 0.033203125
