1 0.7171875 0.4921875 0.025 0.0703125
1 0.9578125 0.669921875 0.08125 0.5703125
0 0.0921875 0.568359375 0.184375 0.25
0 0.2125 0.533203125 0.134375 0.16015625
0 0.38828125 0.455078125 0.0734375 0.046875
0 0.63203125 0.474609375 0.0359375 0.0390625
0 0.82578125 0.5546875 0.1671875 0.15625
0 0.88046875 0.6220703125 0.1265625 0.251953125
0 0.74453125 0.5322265625 0.0734375 0.091796875
0 0.58359375 0.4599609375 0.0296875 0.029296875
0 0.2765625 0.4619140625 0.0375 0.056640625
0 0.328125 0.4501953125 0.059375 0.056640625
0 0.31796875 0.4580078125 0.0546875 0.060546875
0 0.459375 0.45703125 0.03125 0.03125
1 0.47734375 0.4609375 0.0109375 0.0390625
0 0.534375 0.4580078125 0.021875 0.025390625
0 0.7046875 0.494140625 0.075 0.09375
0 0.64765625 0.4833984375 0.0328125 0.052734375
0 0.0796875 0.4326171875 0.065625 0.052734375
