0 0.815625 0.560546875 0.134375 0.12109375
0 0.7875 0.5322265625 0.121875 0.126953125
0 0.403125 0.4873046875 0.046875 0.044921875
0 0.44453125 0.517578125 0.0703125 0.0625
0 0.3734375 0.5263671875 0.08125 0.095703125
0 0.315625 0.5361328125 0.08125 0.119140625
0 0.18203125 0.5498046875 0.2296875 0.189453125
0 0.50546875 0.5068359375 0.0453125 0.041015625
1 0.675 0.5166015625 0.040625 0.119140625
1 0.65 0.5126953125 0.021875 0.095703125
1 0.63125 0.5107421875 0.021875 0.087890625
0 0.53046875 0.49609375 0.0328125 0.03515625
0 0.55390625 0.4921875 0.0234375 0.02734375
