1 0.31640625 0.4736328125 0.0234375 0.083984375
1 0.40625 0.462890625 0.021875 0.0625
0 0.6890625 0.50390625 0.053125 0.0859375
0 0.74609375 0.5234375 0.1328125 0.125
0 0.93671875 0.697265625 0.1234375 0.33984375
0 0.684375 0.4833984375 0.071875 0.076171875
0 0.6515625 0.46875 0.040625 0.046875
2 0.04296875 0.5205078125 0.0703125 0.083984375
2 0.13203125 0.5224609375 0.0484375 0.115234375
1 0.41953125 0.4736328125 0.0203125 0.060546875
1 0.43828125 0.4638671875 0.0140625 0.044921875
1 0.45078125 0.4619140625 0.0140625 0.041015625
1 0.4796875 0.4609375 0.0125 0.0390625
1 0.49375 0.458984375 0.0125 0.0390625
1 0.25625 0.447265625 0.021875 0.04296875
2 0.27421875 0.5078125 0.0359375 0.0703125
2 0.17109375 0.537109375 0.0234375 0.05859375
2 0.1984375 0.5341796875 0.03125 0.060546875
