0 0.8796875 0.4794921875 0.190625 0.076171875
1 0.7296875 0.4970703125 0.034375 0.083984375
1 0.71015625 0.466796875 0.0234375 0.05078125
1 0.54296875 0.47265625 0.0203125 0.0625
0 0.571875 0.4716796875 0.046875 0.056640625
0 0.35859375 0.48046875 0.0578125 0.04296875
0 0.30234375 0.5029296875 0.0765625 0.083984375
0 0.2 0.5263671875 0.140625 0.138671875
0 0.49453125 0.4404296875 0.0234375 0.025390625
2 0.54375 0.5048828125 0.01875 0.041015625
2 0.72421875 0.5283203125 0.0328125 0.044921875
0 0.3875 0.462890625 0.04375 0.046875
0 0.690625 0.4736328125 0.0375 0.064453125
0 0.82265625 0.431640625 0.1015625 0.02734375
