1 0.01171875 0.51171875 0.0203125 0.08203125
1 0.0296875 0.509765625 0.028125 0.0703125
1 0.615625 0.46875 0.025 0.07421875
1 0.8 0.4755859375 0.0375 0.154296875
1 0.77265625 0.486328125 0.0484375 0.1640625
1 0.73828125 0.46875 0.0328125 0.13671875
0 0.41328125 0.4677734375 0.0515625 0.037109375
0 0.496875 0.513671875 0.14375 0.12109375
0 0.92421875 0.44921875 0.1453125 0.14453125
0 0.95 0.490234375 0.09375 0.1171875
1 0.1265625 0.4873046875 0.025 0.033203125
0 0.64296875 0.44921875 0.0234375 0.02734375
1 0.66328125 0.43359375 0.0203125 0.0390625
1 0.6 0.4560546875 0.021875 0.052734375
1 0.58046875 0.4580078125 0.0203125 0.044921875
