0 0.08125 0.5234375 0.159375 0.2578125
0 0.165625 0.4423828125 0.040625 0.091796875
0 0.24375 0.431640625 0.059375 0.05859375
0 0.54375 0.4765625 0.103125 0.1015625
0 0.49296875 0.4580078125 0.0421875 0.068359375
0 0.875 0.484375 0.240625 0.07421875
0 0.425 0.4375 0.021875 0.0234375
0 0.31875 0.4326171875 0.040625 0.044921875
1 0.0984375 0.39453125 0.034375 0.05078125
1 0.1359375 0.40625 0.0375 0.11328125
0 0.2796875 0.4326171875 0.03125 0.060546875
0 0.34921875 0.4306640625 0.0296875 0.037109375
0 0.371875 0.4326171875 0.01875 0.029296875
1 0.45078125 0.4375 0.0109375 0.03125
1 0.40390625 0.4326171875 0.0171875 0.041015625
1 0.3890625 0.4306640625 0.0125 0.041015625
0 0.84921875 0.5595703125 0.1953125 0.072265625
0 0.1984375 0.4423828125 0.046875 0.083984375
