0 0.88203125 0.5009765625 0.2328125 0.365234375
0 0.73984375 0.5439453125 0.0578125 0.119140625
0 0.728125 0.4775390625 0.08125 0.099609375
1 0.6625 0.51171875 0.021875 0.1171875
0 0.640625 0.5068359375 0.053125 0.115234375
0 0.58828125 0.5048828125 0.0515625 0.072265625
0 0.51875 0.5009765625 0.10625 0.201171875
1 0.459375 0.5302734375 0.08125 0.263671875
2 0.46328125 0.625 0.0484375 0.14453125
1 0.403125 0.4765625 0.03125 0.0703125
2 0.4046875 0.5146484375 0.01875 0.044921875
0 0.35703125 0.4951171875 0.0328125 0.068359375
0 0.3203125 0.4951171875 0.0875 0.103515625
0 0.25078125 0.513671875 0.1140625 0.1484375
1 0.1609375 0.5234375 0.065625 0.25
0 0.05625 0.50390625 0.1125 0.40625
0 0.1234375 0.5185546875 0.05625 0.169921875
0 0.37734375 0.498046875 0.0296875 0.046875
1 0.68984375 0.53515625 0.0328125 0.1015625
