2 0.36640625 0.630859375 0.0234375 0.11328125
1 0.54140625 0.55078125 0.0515625 0.1953125
1 0.3609375 0.5537109375 0.065625 0.212890625
1 0.096875 0.5107421875 0.034375 0.099609375
1 0.11640625 0.494140625 0.0265625 0.09375
1 0.08125 0.490234375 0.021875 0.08203125
0 0.57890625 0.5078125 0.0515625 0.05859375
0 0.29140625 0.490234375 0.0734375 0.0703125
2 0.09375 0.5478515625 0.021875 0.052734375
0 0.43359375 0.4599609375 0.0421875 0.033203125
0 0.584375 0.4814453125 0.0625 0.091796875
0 0.515625 0.4697265625 0.028125 0.056640625
