0 0.2453125 0.4921875 0.128125 0.1171875
0 0.3171875 0.4599609375 0.04375 0.037109375
0 0.525 0.462890625 0.05 0.05078125
0 0.44140625 0.453125 0.0234375 0.02734375
0 0.39375 0.4560546875 0.025 0.029296875
0 0.49375 0.4599609375 0.025 0.033203125
0 0.478125 0.4580078125 0.025 0.025390625
1 0.821875 0.46875 0.03125 0.1015625
1 0.79453125 0.4716796875 0.0234375 0.095703125
1 0.11015625 0.4765625 0.0234375 0.0859375
1 0.0375 0.48046875 0.03125 0.109375
1 0.05625 0.4501953125 0.01875 0.064453125
1 0.0703125 0.46875 0.021875 0.07421875
1 0.0859375 0.4697265625 0.01875 0.068359375
