0 0.35078125 0.4833984375 0.0453125 0.068359375
0 0.284375 0.4951171875 0.115625 0.119140625
0 0.578125 0.4638671875 0.059375 0.060546875
0 0.61015625 0.4892578125 0.0578125 0.083984375
0 0.64765625 0.513671875 0.0984375 0.09375
0 0.80234375 0.6015625 0.2296875 0.1796875
0 0.89921875 0.751953125 0.1953125 0.328125
1 0.38984375 0.4697265625 0.0203125 0.068359375
0 0.40234375 0.455078125 0.0265625 0.04296875
0 0.42265625 0.4443359375 0.0265625 0.037109375
1 0.45078125 0.44921875 0.0203125 0.0546875
0 0.5015625 0.439453125 0.025 0.03125
1 0.48828125 0.4462890625 0.0203125 0.056640625
1 0.51875 0.4541015625 0.01875 0.041015625
