1 0.0203125 0.5341796875 0.034375 0.162109375
0 0.2203125 0.5029296875 0.159375 0.087890625
0 0.7015625 0.4873046875 0.103125 0.056640625
0 0.78828125 0.484375 0.0828125 0.046875
0 0.88984375 0.4736328125 0.0984375 0.064453125
1 0.51015625 0.48828125 0.0265625 0.08203125
1 0.60078125 0.4794921875 0.0234375 0.091796875
1 0.6328125 0.4765625 0.028125 0.078125
0 0.14296875 0.4814453125 0.0703125 0.068359375
1 0.73359375 0.4560546875 0.0203125 0.025390625
1 0.82734375 0.46484375 0.0203125 0.0390625
1 0.81484375 0.462890625 0.0171875 0.0390625
0 0.95390625 0.4775390625 0.0421875 0.041015625
1 0.990625 0.4677734375 0.015625 0.044921875
