0 0.603125 0.4716796875 0.096875 0.044921875
2 0.56328125 0.4921875 0.0234375 0.03515625
0 0.5265625 0.4580078125 0.05 0.044921875
0 0.49921875 0.4560546875 0.0203125 0.037109375
0 0.48125 0.4541015625 0.028125 0.041015625
2 0.53203125 0.4931640625 0.0296875 0.029296875
1 0.46328125 0.4736328125 0.0203125 0.060546875
1 0.44375 0.4814453125 0.01875 0.052734375
0 0.43828125 0.4443359375 0.0203125 0.013671875
1 0.38125 0.4365234375 0.0125 0.025390625
1 0.3609375 0.43359375 0.009375 0.0234375
0 0.23125 0.533203125 0.196875 0.21875
0 0.021875 0.52734375 0.04375 0.13671875
