0 0.06171875 0.5234375 0.1234375 0.3203125
0 0.44765625 0.4931640625 0.0796875 0.083984375
1 0.90234375 0.4736328125 0.0421875 0.115234375
1 0.8046875 0.466796875 0.021875 0.046875
1 0.82578125 0.455078125 0.0234375 0.02734375
1 0.51171875 0.48046875 0.0171875 0.05078125
1 0.49140625 0.478515625 0.0203125 0.05859375
0 0.35546875 0.4794921875 0.0890625 0.037109375
1 0.75703125 0.4658203125 0.0234375 0.048828125
1 0.74140625 0.4609375 0.0203125 0.05078125
1 0.72734375 0.46484375 0.0203125 0.046875
1 0.5625 0.4775390625 0.01875 0.029296875
1 0.57734375 0.4736328125 0.0203125 0.029296875
