0 0.16328125 0.5087890625 0.1609375 0.142578125
2 0.55078125 0.5927734375 0.0359375 0.181640625
2 0.43984375 0.5908203125 0.0296875 0.173828125
2 0.3375 0.517578125 0.015625 0.07421875
2 0.85390625 0.5615234375 0.0421875 0.208984375
2 0.946875 0.5615234375 0.071875 0.205078125
2 0.68515625 0.537109375 0.0390625 0.1328125
1 0.6875 0.453125 0.01875 0.03515625
1 0.71875 0.4462890625 0.021875 0.017578125
1 0.8984375 0.4404296875 0.01875 0.021484375
1 0.878125 0.4384765625 0.015625 0.021484375
2 0.78046875 0.572265625 0.1078125 0.2109375
2 0.646875 0.5029296875 0.034375 0.095703125
2 0.61875 0.50390625 0.028125 0.1015625
1 0.54765625 0.4228515625 0.0671875 0.169921875
1 0.47109375 0.4619140625 0.0109375 0.037109375
1 0.43046875 0.44140625 0.0578125 0.14453125
1 0.3375 0.4580078125 0.028125 0.060546875
2 0.89375 0.595703125 0.040625 0.125
