1 0.65546875 0.4931640625 0.0328125 0.134765625
1 0.6828125 0.4736328125 0.01875 0.060546875
1 0.8265625 0.509765625 0.04375 0.08984375
1 0.3359375 0.4560546875 0.021875 0.060546875
1 0.3546875 0.455078125 0.01875 0.05859375
0 0.44140625 0.4609375 0.0203125 0.03125
0 0.50625 0.458984375 0.028125 0.02734375
0 0.4703125 0.46875 0.05 0.05078125
0 0.175 0.5029296875 0.115625 0.087890625
0 0.0640625 0.4990234375 0.128125 0.185546875
0 0.1875 0.4541015625 0.059375 0.033203125
0 0.22421875 0.458984375 0.0328125 0.0390625
0 0.24921875 0.4580078125 0.0359375 0.037109375
2 0.65859375 0.529296875 0.0203125 0.078125
2 0.88359375 0.57421875 0.0515625 0.11328125
2 0.93671875 0.578125 0.0484375 0.12109375
