0 0.43515625 0.4775390625 0.0765625 0.091796875
1 0.534375 0.484375 0.025 0.08984375
1 0.6 0.513671875 0.059375 0.1953125
1 0.7140625 0.501953125 0.021875 0.0859375
1 0.93828125 0.5302734375 0.0609375 0.154296875
1 0.91015625 0.505859375 0.0421875 0.09375
1 0.85078125 0.46484375 0.0359375 0.03515625
1 0.7859375 0.517578125 0.053125 0.12890625
1 0.56875 0.4931640625 0.03125 0.123046875
1 0.8125 0.4775390625 0.03125 0.044921875
0 0.0609375 0.49609375 0.096875 0.078125
0 0.1296875 0.482421875 0.05625 0.0625
1 0.515625 0.4775390625 0.021875 0.064453125
