0 0.525 0.453125 0.025 0.02734375
0 0.6140625 0.4833984375 0.059375 0.072265625
0 0.6328125 0.498046875 0.06875 0.08984375
0 0.69453125 0.51953125 0.1296875 0.12890625
0 0.76484375 0.5673828125 0.1984375 0.185546875
0 0.08984375 0.548828125 0.1734375 0.19140625
2 0.9109375 0.572265625 0.04375 0.12109375
1 0.57421875 0.484375 0.0296875 0.10546875
1 0.82265625 0.482421875 0.0484375 0.078125
1 0.8828125 0.537109375 0.05 0.2109375
1 0.95234375 0.5322265625 0.0609375 0.197265625
1 0.38828125 0.484375 0.0296875 0.0859375
1 0.3578125 0.4736328125 0.021875 0.087890625
1 0.35078125 0.4794921875 0.0234375 0.072265625
2 0.384375 0.4990234375 0.01875 0.060546875
