0 0.8359375 0.666015625 0.325 0.62109375
0 0.6 0.501953125 0.071875 0.08984375
1 0.39921875 0.4794921875 0.0234375 0.060546875
1 0.37578125 0.4775390625 0.0203125 0.056640625
0 0.31875 0.486328125 0.05625 0.07421875
0 0.27421875 0.5 0.0859375 0.08203125
0 0.153125 0.5068359375 0.171875 0.150390625
0 0.034375 0.625 0.06875 0.23046875
0 0.48671875 0.4697265625 0.0328125 0.029296875
0 0.6984375 0.5712890625 0.1625 0.271484375
0 0.3453125 0.486328125 0.028125 0.0546875
1 0.521875 0.486328125 0.03125 0.125
1 0.5546875 0.5166015625 0.065625 0.177734375
