0 0.91171875 0.7666015625 0.1703125 0.306640625
0 0.8109375 0.59375 0.28125 0.2421875
0 0.68125 0.54296875 0.075 0.11328125
0 0.63046875 0.5009765625 0.0984375 0.115234375
0 0.34453125 0.482421875 0.0765625 0.09765625
0 0.30546875 0.50390625 0.0734375 0.09765625
0 0.259375 0.5244140625 0.075 0.103515625
0 0.1953125 0.5517578125 0.103125 0.130859375
1 0.02578125 0.515625 0.0421875 0.0625
0 0.1046875 0.587890625 0.1625 0.1796875
0 0.06875 0.45703125 0.046875 0.03125
0 0.409375 0.4580078125 0.03125 0.044921875
0 0.11875 0.45703125 0.06875 0.03125
0 0.428125 0.45703125 0.021875 0.03125
0 0.440625 0.4521484375 0.021875 0.033203125
0 0.571875 0.470703125 0.03125 0.05078125
1 0.5515625 0.4658203125 0.021875 0.064453125
1 0.54296875 0.470703125 0.0203125 0.06640625
1 0.53125 0.466796875 0.01875 0.0625
