0 0.9140625 0.4853515625 0.159375 0.158203125
0 0.684375 0.4658203125 0.1125 0.107421875
0 0.6203125 0.470703125 0.053125 0.0625
0 0.39140625 0.46484375 0.0328125 0.04296875
0 0.36640625 0.4609375 0.0421875 0.06640625
0 0.32890625 0.4658203125 0.0703125 0.072265625
1 0.48203125 0.45703125 0.0578125 0.14453125
1 0.1453125 0.42578125 0.034375 0.078125
1 0.11796875 0.4541015625 0.0453125 0.154296875
1 0.22890625 0.4306640625 0.0203125 0.064453125
1 0.24921875 0.4599609375 0.0328125 0.138671875
0 0.5625 0.45703125 0.0625 0.06640625
