0 0.94140625 0.40234375 0.1046875 0.08203125
0 0.86953125 0.400390625 0.0265625 0.0703125
0 0.85390625 0.560546875 0.2859375 0.2578125
0 0.59375 0.451171875 0.1 0.109375
0 0.48671875 0.3603515625 0.0234375 0.029296875
0 0.475 0.349609375 0.01875 0.0234375
0 0.43671875 0.33984375 0.0140625 0.01953125
0 0.42265625 0.341796875 0.0203125 0.0234375
0 0.4046875 0.3486328125 0.025 0.025390625
0 0.39140625 0.359375 0.0265625 0.03125
1 0.415625 0.3828125 0.0125 0.0390625
0 0.46953125 0.416015625 0.0609375 0.0703125
0 0.31875 0.41015625 0.071875 0.06640625
0 0.24921875 0.451171875 0.0984375 0.08984375
0 0.09296875 0.53125 0.1859375 0.1875
