0 0.93515625 0.6650390625 0.1265625 0.193359375
0 0.6734375 0.521484375 0.171875 0.16796875
0 0.5734375 0.51171875 0.05625 0.0703125
0 0.046875 0.53125 0.09375 0.140625
0 0.253125 0.51171875 0.065625 0.05859375
0 0.27890625 0.5048828125 0.0484375 0.052734375
0 0.3171875 0.5048828125 0.034375 0.041015625
0 0.546875 0.5078125 0.040625 0.0546875
1 0.2125 0.509765625 0.046875 0.234375
0 0.5203125 0.5 0.021875 0.05078125
0 0.503125 0.4931640625 0.021875 0.041015625
0 0.48359375 0.4892578125 0.0203125 0.029296875
0 0.46796875 0.4892578125 0.0203125 0.025390625
0 0.45078125 0.4873046875 0.0171875 0.021484375
0 0.409375 0.4892578125 0.01875 0.025390625
0 0.396875 0.4912109375 0.01875 0.025390625
0 0.37734375 0.490234375 0.0203125 0.02734375
0 0.3609375 0.4931640625 0.01875 0.033203125
0 0.34453125 0.494140625 0.0203125 0.03515625
