1 0.26953125 0.4580078125 0.0328125 0.115234375
1 0.31875 0.4501953125 0.0375 0.099609375
1 0.5015625 0.4892578125 0.053125 0.154296875
1 0.546875 0.4794921875 0.05625 0.158203125
1 0.5984375 0.45703125 0.046875 0.16796875
1 0.628125 0.408203125 0.025 0.0546875
1 0.67265625 0.4599609375 0.0453125 0.154296875
0 0.86796875 0.494140625 0.2609375 0.15234375
0 0.2078125 0.462890625 0.06875 0.0703125
0 0.05546875 0.4541015625 0.0421875 0.041015625
0 0.1234375 0.4521484375 0.028125 0.033203125
0 0.1578125 0.4501953125 0.021875 0.029296875
