0 0.08515625 0.6171875 0.1703125 0.26171875
0 0.2328125 0.5283203125 0.1375 0.142578125
0 0.3140625 0.51171875 0.053125 0.08984375
0 0.3953125 0.46484375 0.053125 0.05859375
0 0.5703125 0.4677734375 0.0375 0.044921875
0 0.60234375 0.49609375 0.0359375 0.05859375
0 0.6453125 0.5244140625 0.05625 0.091796875
0 0.71875 0.5546875 0.171875 0.17578125
0 0.825 0.62890625 0.2625 0.20703125
0 0.9234375 0.765625 0.146875 0.2734375
0 0.43359375 0.453125 0.0296875 0.03515625
0 0.44375 0.4443359375 0.028125 0.033203125
0 0.5484375 0.447265625 0.034375 0.04296875
0 0.53125 0.4501953125 0.021875 0.029296875
1 0.51953125 0.4453125 0.0203125 0.03515625
1 0.4765625 0.4462890625 0.01875 0.041015625
1 0.4890625 0.4443359375 0.01875 0.037109375
