0 0.5546875 0.4951171875 0.096875 0.091796875
0 0.50546875 0.482421875 0.0234375 0.06640625
0 0.49140625 0.4775390625 0.0265625 0.064453125
0 0.47734375 0.4736328125 0.0203125 0.056640625
0 0.4609375 0.46875 0.021875 0.03125
0 0.4546875 0.4580078125 0.028125 0.033203125
0 0.3890625 0.4638671875 0.015625 0.017578125
0 0.36953125 0.466796875 0.0234375 0.02734375
0 0.31640625 0.46484375 0.0859375 0.109375
0 0.2703125 0.4833984375 0.0125 0.041015625
0 0.259375 0.4501953125 0.01875 0.033203125
0 0.2375 0.4501953125 0.01875 0.033203125
0 0.21484375 0.4462890625 0.0234375 0.037109375
0 0.1953125 0.4453125 0.025 0.04296875
0 0.17578125 0.447265625 0.0234375 0.04296875
0 0.1546875 0.4482421875 0.021875 0.044921875
0 0.13046875 0.439453125 0.0234375 0.04296875
0 0.10859375 0.4384765625 0.0203125 0.041015625
0 0.059375 0.4423828125 0.078125 0.052734375
1 0.76953125 0.4658203125 0.0203125 0.076171875
0 0.0125 0.4423828125 0.025 0.041015625
