0 0.084375 0.5869140625 0.1625 0.248046875
0 0.1859375 0.53125 0.13125 0.13671875
0 0.26640625 0.49609375 0.1046875 0.11328125
0 0.33359375 0.49609375 0.0484375 0.08203125
0 0.41171875 0.4560546875 0.0453125 0.044921875
0 0.571875 0.458984375 0.04375 0.05078125
0 0.92421875 0.4619140625 0.1109375 0.056640625
0 0.68203125 0.55078125 0.1328125 0.12890625
0 0.81484375 0.583984375 0.2484375 0.22265625
0 0.88984375 0.76171875 0.2109375 0.38671875
0 0.440625 0.4501953125 0.03125 0.033203125
0 0.453125 0.4423828125 0.028125 0.041015625
0 0.4828125 0.439453125 0.021875 0.03125
0 0.68984375 0.44140625 0.0359375 0.05078125
0 0.76171875 0.4443359375 0.1078125 0.076171875
