0 0.12890625 0.4912109375 0.1203125 0.087890625
0 0.24765625 0.478515625 0.0640625 0.0546875
0 0.2875 0.4755859375 0.03125 0.044921875
0 0.31171875 0.474609375 0.0203125 0.0390625
0 0.33203125 0.470703125 0.0234375 0.03515625
1 0.496875 0.462890625 0.01875 0.05078125
1 0.46484375 0.4619140625 0.0140625 0.037109375
1 0.359375 0.46875 0.015625 0.05078125
2 0.9 0.546875 0.140625 0.2265625
2 0.97578125 0.541015625 0.0453125 0.171875
2 0.6546875 0.5068359375 0.04375 0.103515625
2 0.6984375 0.5078125 0.053125 0.1015625
2 0.72734375 0.5078125 0.0390625 0.09765625
1 0.05 0.466796875 0.021875 0.05859375
0 0.34765625 0.466796875 0.0109375 0.03125
