1 0.81953125 0.5166015625 0.0484375 0.166015625
1 0.778125 0.482421875 0.046875 0.078125
1 0.88671875 0.5126953125 0.0484375 0.150390625
1 0.93046875 0.484375 0.0453125 0.08984375
1 0.57421875 0.4833984375 0.0234375 0.099609375
1 0.42890625 0.470703125 0.0296875 0.06640625
1 0.3875 0.47265625 0.021875 0.0703125
0 0.71484375 0.5458984375 0.1609375 0.146484375
0 0.6640625 0.5068359375 0.1 0.107421875
0 0.61875 0.4873046875 0.05625 0.083984375
0 0.9203125 0.693359375 0.153125 0.4375
0 0.1390625 0.525390625 0.196875 0.15234375
0 0.48671875 0.4501953125 0.0171875 0.021484375
0 0.521875 0.4541015625 0.028125 0.025390625
0 0.1171875 0.466796875 0.09375 0.0546875
1 0.3625 0.4765625 0.01875 0.0703125
1 0.371875 0.4501953125 0.01875 0.041015625
2 0.43046875 0.4921875 0.0234375 0.0390625
