0 0.07109375 0.6162109375 0.1421875 0.283203125
0 0.19296875 0.548828125 0.1328125 0.125
0 0.2671875 0.5166015625 0.09375 0.119140625
0 0.3140625 0.5029296875 0.04375 0.064453125
0 0.340625 0.4912109375 0.046875 0.056640625
0 0.4296875 0.484375 0.065625 0.0546875
0 0.44453125 0.4580078125 0.0578125 0.044921875
0 0.93125 0.8564453125 0.128125 0.283203125
0 0.8671875 0.689453125 0.259375 0.36328125
0 0.746875 0.5986328125 0.1625 0.181640625
0 0.68984375 0.5537109375 0.1203125 0.134765625
1 0.5171875 0.46484375 0.01875 0.046875
1 0.95703125 0.4296875 0.0140625 0.0390625
1 0.94296875 0.42578125 0.0140625 0.03125
0 0.640625 0.51953125 0.09375 0.09765625
0 0.61171875 0.4921875 0.0828125 0.09765625
0 0.66015625 0.439453125 0.0578125 0.0234375
0 0.5703125 0.47265625 0.04375 0.0625
0 0.503125 0.4482421875 0.03125 0.037109375
0 0.359375 0.478515625 0.04375 0.05859375
0 0.38671875 0.4755859375 0.0328125 0.044921875
