0 0.11015625 0.5556640625 0.2109375 0.181640625
0 0.2421875 0.5322265625 0.08125 0.107421875
0 0.2859375 0.5126953125 0.06875 0.091796875
0 0.31953125 0.5 0.0546875 0.0625
0 0.3484375 0.4765625 0.065625 0.08203125
1 0.4546875 0.5078125 0.040625 0.1328125
1 0.54140625 0.50390625 0.0484375 0.140625
0 0.85 0.666015625 0.296875 0.2734375
0 0.75703125 0.53125 0.1984375 0.203125
0 0.66484375 0.513671875 0.1015625 0.1328125
1 0.4046875 0.4697265625 0.01875 0.064453125
0 0.21953125 0.455078125 0.0546875 0.03515625
0 0.38828125 0.4658203125 0.0296875 0.044921875
0 0.41640625 0.4560546875 0.0203125 0.029296875
0 0.47109375 0.4423828125 0.0265625 0.029296875
2 0.45546875 0.5478515625 0.0203125 0.083984375
0 0.59921875 0.5009765625 0.0484375 0.095703125
