1 0.04375 0.607421875 0.084375 0.2734375
1 0.12578125 0.6083984375 0.0734375 0.263671875
1 0.1859375 0.603515625 0.065625 0.28125
1 0.8234375 0.6298828125 0.075 0.267578125
1 0.68984375 0.5029296875 0.0265625 0.087890625
0 0.89921875 0.5400390625 0.1078125 0.138671875
0 0.76015625 0.5078125 0.1234375 0.09765625
0 0.35234375 0.4697265625 0.0546875 0.044921875
0 0.23515625 0.5322265625 0.0578125 0.103515625
0 0.5078125 0.4609375 0.046875 0.04296875
0 0.090625 0.595703125 0.05 0.18359375
0 0.62578125 0.4638671875 0.0421875 0.044921875
0 0.63203125 0.4794921875 0.0296875 0.041015625
0 0.39296875 0.4521484375 0.0234375 0.025390625
1 0.3359375 0.4736328125 0.021875 0.056640625
2 0.82734375 0.708984375 0.0546875 0.1484375
