0 0.65078125 0.4912109375 0.1203125 0.115234375
0 0.021875 0.48828125 0.04375 0.0703125
1 0.153125 0.466796875 0.01875 0.07421875
2 0.74140625 0.505859375 0.0203125 0.04296875
2 0.2515625 0.509765625 0.025 0.05078125
1 0.59765625 0.4501953125 0.0203125 0.037109375
1 0.53984375 0.4619140625 0.0203125 0.060546875
1 0.3515625 0.462890625 0.015625 0.05078125
2 0.71328125 0.5 0.0171875 0.046875
1 0.2296875 0.4619140625 0.0125 0.052734375
1 0.25078125 0.453125 0.0234375 0.046875
2 0.2015625 0.4931640625 0.028125 0.041015625
1 0.36171875 0.4658203125 0.0078125 0.037109375
1 0.36953125 0.453125 0.0109375 0.02734375
2 0.53359375 0.4853515625 0.0296875 0.037109375
2 0.56015625 0.4873046875 0.0109375 0.029296875
