1 0.97734375 0.5087890625 0.0421875 0.193359375
1 0.94140625 0.521484375 0.0453125 0.15625
1 0.74453125 0.5048828125 0.0609375 0.154296875
1 0.6875 0.4970703125 0.05625 0.158203125
1 0.6296875 0.4921875 0.046875 0.15625
1 0.53515625 0.48046875 0.0328125 0.08984375
0 0.425 0.490234375 0.05 0.046875
0 0.3609375 0.486328125 0.05625 0.046875
0 0.27578125 0.4921875 0.1078125 0.09765625
1 0.60859375 0.4833984375 0.0265625 0.091796875
1 0.56171875 0.490234375 0.0234375 0.0859375
1 0.578125 0.48828125 0.025 0.09375
1 0.4828125 0.490234375 0.01875 0.046875
