0 0.0453125 0.5068359375 0.084375 0.119140625
0 0.20078125 0.5126953125 0.2421875 0.169921875
0 0.4515625 0.501953125 0.028125 0.10546875
0 0.5109375 0.5078125 0.059375 0.10546875
0 0.59296875 0.53515625 0.1515625 0.1171875
0 0.72578125 0.5 0.0765625 0.08203125
0 0.79140625 0.48828125 0.0484375 0.046875
0 0.98203125 0.501953125 0.0328125 0.0546875
1 0.81875 0.4755859375 0.01875 0.041015625
1 0.840625 0.4775390625 0.01875 0.041015625
0 0.89140625 0.4736328125 0.0234375 0.025390625
0 0.9703125 0.486328125 0.04375 0.05859375
0 0.6578125 0.49609375 0.071875 0.06640625
