0 0.484375 0.5634765625 0.15 0.150390625
1 0.55859375 0.5009765625 0.0328125 0.060546875
1 0.70078125 0.515625 0.0265625 0.1015625
1 0.72109375 0.4970703125 0.0265625 0.056640625
1 0.73984375 0.5146484375 0.0328125 0.099609375
1 0.765625 0.5244140625 0.025 0.099609375
1 0.78515625 0.537109375 0.0359375 0.1015625
1 0.815625 0.533203125 0.034375 0.109375
1 0.84609375 0.5341796875 0.0296875 0.107421875
1 0.89375 0.53515625 0.028125 0.109375
1 0.9296875 0.53515625 0.034375 0.11328125
1 0.30390625 0.5078125 0.0296875 0.08203125
