1 0.73125 0.4853515625 0.034375 0.146484375
1 0.75625 0.478515625 0.0375 0.1484375
1 0.70078125 0.470703125 0.0265625 0.13671875
1 0.67265625 0.470703125 0.0453125 0.15625
0 0.809375 0.462890625 0.05625 0.07421875
0 0.92734375 0.44921875 0.1421875 0.14453125
0 0.9515625 0.486328125 0.09375 0.1015625
1 0.63125 0.4619140625 0.028125 0.068359375
1 0.6140625 0.462890625 0.025 0.0703125
1 0.5953125 0.4658203125 0.025 0.072265625
1 0.346875 0.4736328125 0.01875 0.052734375
0 0.453125 0.4609375 0.0375 0.03515625
1 0.1125 0.498046875 0.028125 0.05859375
1 0.3328125 0.4794921875 0.015625 0.052734375
1 0.5546875 0.458984375 0.01875 0.04296875
1 0.578125 0.458984375 0.01875 0.05078125
1 0.12734375 0.4873046875 0.0203125 0.029296875
