0 0.028125 0.578125 0.053125 0.16796875
0 0.109375 0.5341796875 0.19375 0.193359375
0 0.28515625 0.490234375 0.0859375 0.10546875
0 0.71640625 0.548828125 0.1328125 0.140625
0 0.834375 0.5947265625 0.325 0.232421875
0 0.92578125 0.7724609375 0.1359375 0.248046875
1 0.21328125 0.5078125 0.0515625 0.18359375
1 0.55625 0.466796875 0.01875 0.05859375
0 0.67734375 0.521484375 0.1015625 0.12109375
0 0.6328125 0.5107421875 0.05 0.095703125
0 0.6421875 0.4814453125 0.096875 0.095703125
0 0.5875 0.4833984375 0.04375 0.052734375
0 0.34453125 0.478515625 0.0578125 0.08203125
0 0.37421875 0.4736328125 0.0359375 0.060546875
0 0.40625 0.4658203125 0.03125 0.052734375
0 0.4328125 0.4658203125 0.025 0.037109375
0 0.44140625 0.4619140625 0.0296875 0.037109375
0 0.4671875 0.4580078125 0.025 0.029296875
0 0.72265625 0.4599609375 0.0609375 0.037109375
