1 0.90625 0.744140625 0.084375 0.40625
1 0.403125 0.4931640625 0.028125 0.119140625
1 0.37265625 0.5029296875 0.0296875 0.107421875
1 0.3484375 0.498046875 0.03125 0.12109375
0 0.04140625 0.640625 0.0828125 0.2109375
0 0.16875 0.5673828125 0.3 0.138671875
0 0.24453125 0.4990234375 0.1328125 0.064453125
0 0.56796875 0.455078125 0.0265625 0.0390625
0 0.596875 0.466796875 0.053125 0.05859375
0 0.61484375 0.490234375 0.0546875 0.0625
0 0.6734375 0.517578125 0.1 0.08203125
0 0.76328125 0.576171875 0.1328125 0.1484375
0 0.81953125 0.6474609375 0.1203125 0.224609375
0 0.96328125 0.61328125 0.0671875 0.1328125
0 0.88984375 0.486328125 0.1328125 0.078125
0 0.9390625 0.5068359375 0.1125 0.087890625
0 0.3203125 0.4619140625 0.071875 0.041015625
0 0.4296875 0.4609375 0.028125 0.03125
0 0.45234375 0.44921875 0.0265625 0.02734375
0 0.46328125 0.4404296875 0.0234375 0.025390625
1 0.70546875 0.474609375 0.0234375 0.04296875
1 0.67421875 0.4599609375 0.0234375 0.037109375
1 0.6546875 0.458984375 0.01875 0.03515625
1 0.18359375 0.466796875 0.0328125 0.046875
