1 0.19140625 0.498046875 0.0234375 0.0625
1 0.05625 0.50390625 0.03125 0.109375
1 0.16875 0.5048828125 0.021875 0.068359375
1 0.853125 0.517578125 0.021875 0.08984375
1 0.83046875 0.521484375 0.0203125 0.07421875
0 0.48984375 0.5283203125 0.0671875 0.083984375
0 0.225 0.533203125 0.115625 0.08984375
1 0.309375 0.5009765625 0.021875 0.044921875
1 0.59296875 0.5029296875 0.0203125 0.044921875
1 0.5796875 0.501953125 0.01875 0.04296875
1 0.69375 0.498046875 0.01875 0.02734375
1 0.709375 0.49609375 0.01875 0.0234375
