1 0.35546875 0.462890625 0.0203125 0.0703125
1 0.34296875 0.4609375 0.0234375 0.0625
1 0.4 0.4619140625 0.021875 0.041015625
1 0.4140625 0.4658203125 0.01875 0.033203125
1 0.61015625 0.4814453125 0.0234375 0.083984375
1 0.65078125 0.484375 0.0265625 0.08203125
1 0.6890625 0.4765625 0.01875 0.05859375
0 0.79140625 0.5400390625 0.1328125 0.138671875
0 0.8953125 0.5634765625 0.196875 0.259765625
0 0.97421875 0.73828125 0.0453125 0.1640625
1 0.8671875 0.470703125 0.053125 0.0546875
1 0.71328125 0.48046875 0.0203125 0.0546875
1 0.81484375 0.466796875 0.0171875 0.0234375
